(1, '0', [-0.1468720813469858, -0.03688980732953918, -0.2570665808902406, -0.5216009831581446, -0.1423136133929641, -0.1410675995393959, -0.38732539831036766, -0.10806230738849276, -0.33280325827468865, 0.5337524871726095, -0.14600709871060533, -0.05936320510449048, -0.1534474453512897])
(1, '8', [-0.1468720813469858, 0.17837306838165914, -0.2570665808902406, -0.5216009831581446, -0.1423136133929641, -0.1410675995393959, -0.7535446687369893, -0.10806230738849276, -0.33280325827468865, 1.9853836517380086, -0.14600709871060533, 0.15020369690139898, -0.1534474453512897])
(1, '9', [-0.1468720813469858, 0.17837306838165914, -0.2570665808902406, -0.5216009831581446, -0.1423136133929641, -0.1410675995393959, -0.45359364724470874, -0.10806230738849276, -0.33280325827468865, 0.5337524871726095, -0.14600709871060533, 0.15020369690139898, -0.1534474453512897])
(1, '13', [-0.1468720813469858, 0.39363594409285746, -0.2570665808902406, -0.5216009831581446, -0.1423136133929641, -0.1410675995393959, -0.6663496043496984, -0.10806230738849276, -0.33280325827468865, 1.259568069455309, -0.14600709871060533, 0.3597705989072884, -0.1534474453512897])
(1, '16', [-0.1468720813469858, 0.17837306838165914, -0.2570665808902406, -0.5216009831581446, -0.1423136133929641, -0.1410675995393959, -0.18852065150734454, -0.10806230738849276, -0.33280325827468865, 1.259568069455309, -0.14600709871060533, 0.15020369690139898, -0.1534474453512897])
(1, '17', [-0.1468720813469858, -0.03688980732953918, -0.2570665808902406, -0.5216009831581446, -0.1423136133929641, -0.1410675995393959, -0.3594229777064346, -0.10806230738849276, -0.33280325827468865, 0.5337524871726095, -0.14600709871060533, 0.15020369690139898, -0.1534474453512897])
(1, '18', [-0.1468720813469858, 0.8241616955152541, -0.2570665808902406, -0.5216009831581446, -0.1423136133929641, -0.1410675995393959, -0.42569122664077563, -0.10806230738849276, -0.33280325827468865, 1.259568069455309, -0.14600709871060533, 0.7789044029190674, -0.1534474453512897])
(1, '21', [-0.1468720813469858, 0.8241616955152541, -0.2570665808902406, -0.5216009831581446, -0.1423136133929641, -0.1410675995393959, -0.3001303339230768, -0.10806230738849276, -0.33280325827468865, 0.5337524871726095, -0.14600709871060533, 0.7789044029190674, -0.1534474453512897])
(1, '30', [-0.1468720813469858, 0.39363594409285746, -0.2570665808902406, -0.5216009831581446, -0.1423136133929641, -0.1410675995393959, -0.3105937416495517, -0.10806230738849276, -0.33280325827468865, 0.5337524871726095, -0.14600709871060533, 0.3597705989072884, -0.1534474453512897])
(1, '36', [-0.1468720813469858, 0.8241616955152541, -0.2570665808902406, -0.5216009831581446, -0.1423136133929641, -0.1410675995393959, 0.06260113392805314, -0.10806230738849276, -0.33280325827468865, 0.5337524871726095, -0.14600709871060533, 0.7789044029190674, -0.1534474453512897])
(1, '40', [-0.1468720813469858, 0.6088988198040558, -0.2570665808902406, -0.5216009831581446, -0.1423136133929641, -0.1410675995393959, -0.7814470893409223, -0.10806230738849276, -0.33280325827468865, 1.9853836517380086, -0.14600709871060533, 0.5693375009131779, -0.1534474453512897])
(1, '45', [-0.1468720813469858, 0.39363594409285746, -0.2570665808902406, -0.5216009831581446, -0.1423136133929641, -0.1410675995393959, 0.03469871332412006, -0.10806230738849276, -0.33280325827468865, 0.5337524871726095, -0.14600709871060533, 0.3597705989072884, -0.1534474453512897])
(1, '51', [-0.1468720813469858, -0.03688980732953918, -0.2570665808902406, -0.5216009831581446, -0.1423136133929641, -0.1410675995393959, -0.7116910378310897, -0.10806230738849276, -0.33280325827468865, 0.5337524871726095, -0.14600709871060533, -0.05936320510449048, -0.1534474453512897])
(1, '55', [-0.1468720813469858, 0.6088988198040558, -0.2570665808902406, -0.5216009831581446, -0.1423136133929641, -0.1410675995393959, -0.6942520249536315, -0.10806230738849276, -0.33280325827468865, 1.259568069455309, -0.14600709871060533, 0.5693375009131779, -0.1534474453512897])
(1, '56', [-0.1468720813469858, 0.39363594409285746, -0.2570665808902406, -0.5216009831581446, -0.1423136133929641, -0.1410675995393959, -0.45359364724470874, -0.10806230738849276, -0.33280325827468865, 0.5337524871726095, -0.14600709871060533, 0.3597705989072884, -0.1534474453512897])
(1, '60', [-0.1468720813469858, 0.17837306838165914, -0.2570665808902406, -0.5216009831581446, -0.1423136133929641, -0.1410675995393959, -0.5477643167829829, -0.10806230738849276, -0.33280325827468865, 0.5337524871726095, -0.14600709871060533, 0.15020369690139898, -0.1534474453512897])
(1, '61', [-0.1468720813469858, 0.17837306838165914, -0.2570665808902406, -0.5216009831581446, -0.1423136133929641, -0.1410675995393959, -0.38732539831036766, -0.10806230738849276, -0.33280325827468865, 0.5337524871726095, -0.14600709871060533, 0.15020369690139898, -0.1534474453512897])
(1, '64', [-0.1468720813469858, 0.8241616955152541, -0.2570665808902406, -0.5216009831581446, -0.1423136133929641, -0.1410675995393959, -0.0838865742425955, -0.10806230738849276, -0.33280325827468865, 0.5337524871726095, -0.14600709871060533, 0.7789044029190674, -0.1534474453512897])
(1, '71', [-0.1468720813469858, 0.17837306838165914, -0.2570665808902406, -0.5216009831581446, -0.1423136133929641, -0.1410675995393959, -0.383837595734876, -0.10806230738849276, -0.33280325827468865, 0.5337524871726095, -0.14600709871060533, 0.15020369690139898, -0.1534474453512897])
(1, '78', [-0.1468720813469858, 0.17837306838165914, -0.2570665808902406, -0.5216009831581446, -0.1423136133929641, -0.1410675995393959, -0.41174001633880913, -0.10806230738849276, -0.33280325827468865, 0.5337524871726095, -0.14600709871060533, 0.15020369690139898, -0.1534474453512897])
(1, '86', [-0.1468720813469858, -0.25215268304073746, -0.2570665808902406, -0.5216009831581446, -0.1423136133929641, -0.1410675995393959, -0.2268864798377525, -0.10806230738849276, -0.33280325827468865, 0.5337524871726095, -0.14600709871060533, -0.26893010711037996, -0.1534474453512897])
(1, '87', [0.3001201097749952, -0.03688980732953918, 1.5573058719245492, -0.5216009831581446, -0.1423136133929641, -0.1410675995393959, -0.5233496987545414, -0.10806230738849276, 1.4517417806901278, 0.5337524871726095, 0.29597960229922254, -0.05936320510449048, -0.1534474453512897])
(1, '90', [-0.1468720813469858, -0.4674155587519358, -0.2570665808902406, -0.5216009831581446, -0.1423136133929641, -0.1410675995393959, -0.6210081708683072, -0.10806230738849276, -0.33280325827468865, 0.5337524871726095, -0.14600709871060533, -0.47849700911626936, -0.1534474453512897])
(1, '93', [-0.1468720813469858, 0.17837306838165914, -0.2570665808902406, -0.5216009831581446, -0.1423136133929641, -0.1410675995393959, -0.7570324713124809, -0.10806230738849276, -0.33280325827468865, 1.259568069455309, -0.14600709871060533, 0.15020369690139898, -0.1534474453512897])
(1, '94', [-0.1468720813469858, 0.39363594409285746, -0.2570665808902406, -0.5216009831581446, -0.1423136133929641, -0.1410675995393959, 0.5857715202517982, -0.10806230738849276, -0.33280325827468865, 0.5337524871726095, -0.14600709871060533, 0.3597705989072884, -0.1534474453512897])
(1, '95', [-0.1468720813469858, -0.03688980732953918, -0.2570665808902406, -0.5216009831581446, -0.1423136133929641, -0.1410675995393959, -0.42220342406528405, -0.10806230738849276, -0.33280325827468865, 0.5337524871726095, -0.14600709871060533, 0.15020369690139898, -0.1534474453512897])
(1, '96', [-0.1468720813469858, -0.03688980732953918, -0.2570665808902406, -0.5216009831581446, -0.1423136133929641, -0.1410675995393959, -0.49544727815060835, -0.10806230738849276, -0.33280325827468865, 0.5337524871726095, -0.14600709871060533, -0.05936320510449048, -0.1534474453512897])
(1, '104', [-0.1468720813469858, -0.03688980732953918, -0.2570665808902406, -0.5216009831581446, -0.1423136133929641, -0.1410675995393959, -0.6489105914722403, -0.10806230738849276, -0.33280325827468865, 0.5337524871726095, -0.14600709871060533, -0.05936320510449048, -0.1534474453512897])
(1, '105', [-0.1468720813469858, -0.25215268304073746, -0.2570665808902406, -0.5216009831581446, -0.1423136133929641, -0.1410675995393959, -0.6314715785947821, -0.10806230738849276, -0.33280325827468865, 0.5337524871726095, -0.14600709871060533, -0.26893010711037996, -0.1534474453512897])
(1, '108', [-0.1468720813469858, 0.39363594409285746, -0.2570665808902406, -0.5216009831581446, -0.1423136133929641, -0.1410675995393959, 0.33116193224090895, -0.10806230738849276, -0.33280325827468865, 0.5337524871726095, -0.14600709871060533, 0.3597705989072884, -0.1534474453512897])
(1, '109', [-0.1468720813469858, 0.39363594409285746, -0.2570665808902406, -0.5216009831581446, -0.1423136133929641, -0.1410675995393959, -0.39430100346135094, -0.10806230738849276, -0.33280325827468865, 0.5337524871726095, -0.14600709871060533, 0.3597705989072884, -0.1534474453512897])
(1, '110', [-0.1468720813469858, 0.17837306838165914, -0.2570665808902406, -0.5216009831581446, -0.1423136133929641, -0.1410675995393959, 0.5369422841949154, -0.10806230738849276, -0.33280325827468865, 0.5337524871726095, -0.14600709871060533, 0.15020369690139898, -0.1534474453512897])
(1, '122', [-0.1468720813469858, 0.6088988198040558, -0.2570665808902406, -0.5216009831581446, -0.1423136133929641, -0.1410675995393959, -0.0629597587896457, -0.10806230738849276, -0.33280325827468865, 1.259568069455309, -0.14600709871060533, 0.5693375009131779, -0.1534474453512897])
(1, '124', [-0.1468720813469858, 0.8241616955152541, -0.2570665808902406, -0.5216009831581446, -0.1423136133929641, -0.1410675995393959, -0.5686911322359327, -0.10806230738849276, -0.33280325827468865, 0.5337524871726095, -0.14600709871060533, 0.7789044029190674, -0.1534474453512897])
(1, '126', [-0.1468720813469858, -0.4674155587519358, -0.2570665808902406, -0.5216009831581446, -0.1423136133929641, -0.1410675995393959, -0.7640080764634641, -0.10806230738849276, -0.33280325827468865, 0.5337524871726095, -0.14600709871060533, -0.47849700911626936, -0.1534474453512897])
(1, '127', [-0.1468720813469858, 0.6088988198040558, -0.2570665808902406, -0.5216009831581446, -0.1423136133929641, -0.1410675995393959, -0.746569063586006, -0.10806230738849276, -0.33280325827468865, 1.259568069455309, -0.14600709871060533, 0.5693375009131779, -0.1534474453512897])
(1, '134', [-0.1468720813469858, -0.25215268304073746, -0.2570665808902406, -0.5216009831581446, -0.1423136133929641, -0.1410675995393959, -0.7430812610105144, -0.10806230738849276, -0.33280325827468865, 0.5337524871726095, -0.14600709871060533, -0.26893010711037996, -0.1534474453512897])
(1, '149', [-0.1468720813469858, 0.39363594409285746, -0.2570665808902406, -0.5216009831581446, -0.1423136133929641, -0.1410675995393959, -0.5059106858770832, -0.10806230738849276, -0.33280325827468865, -0.19206309511009, -0.14600709871060533, 0.5693375009131779, -0.1534474453512897])
(1, '153', [-0.1468720813469858, -0.25215268304073746, -0.2570665808902406, -0.5216009831581446, -0.1423136133929641, -0.1410675995393959, -0.6070569605663406, -0.10806230738849276, -0.33280325827468865, 1.259568069455309, -0.14600709871060533, -0.26893010711037996, -0.1534474453512897])
(1, '155', [-0.1468720813469858, 0.17837306838165914, -0.2570665808902406, -0.5216009831581446, -0.1423136133929641, -0.1410675995393959, 0.7706250567528549, -0.10806230738849276, -0.33280325827468865, 0.5337524871726095, -0.14600709871060533, 0.15020369690139898, -0.1534474453512897])
(1, '168', [-0.1468720813469858, 0.8241616955152541, -0.2570665808902406, -0.5216009831581446, -0.1423136133929641, -0.1410675995393959, -0.43615463436725055, -0.10806230738849276, -0.33280325827468865, 0.5337524871726095, -0.14600709871060533, 0.7789044029190674, -0.1534474453512897])
(1, '175', [-0.1468720813469858, -0.03688980732953918, -0.2570665808902406, -0.5216009831581446, -0.1423136133929641, -0.1410675995393959, -0.11876459999751185, -0.10806230738849276, -0.33280325827468865, 0.5337524871726095, -0.14600709871060533, -0.05936320510449048, -0.1534474453512897])
(1, '179', [-0.1468720813469858, -0.4674155587519358, -0.2570665808902406, -0.5216009831581446, -0.1423136133929641, -0.1410675995393959, -0.48498387042413343, -0.10806230738849276, -0.33280325827468865, 0.5337524871726095, -0.14600709871060533, -0.26893010711037996, -0.1534474453512897])
(1, '185', [-0.1468720813469858, -0.25215268304073746, -0.2570665808902406, -0.5216009831581446, -0.1423136133929641, -0.1410675995393959, -0.6907642223781398, -0.10806230738849276, -0.33280325827468865, 0.5337524871726095, -0.14600709871060533, -0.26893010711037996, -0.1534474453512897])
(1, '188', [-0.1468720813469858, 0.39363594409285746, -0.2570665808902406, -0.5216009831581446, -0.1423136133929641, -0.1410675995393959, -0.23037428241324415, -0.10806230738849276, -0.33280325827468865, 0.5337524871726095, -0.14600709871060533, 0.3597705989072884, -0.1534474453512897])
(1, '192', [-0.1468720813469858, 0.6088988198040558, -0.2570665808902406, -0.5216009831581446, -0.1423136133929641, -0.1410675995393959, -0.5931057502643741, -0.10806230738849276, -0.33280325827468865, 1.259568069455309, -0.14600709871060533, 0.7789044029190674, -0.1534474453512897])
(1, '194', [-0.1468720813469858, -0.25215268304073746, -0.2570665808902406, -0.5216009831581446, -0.1423136133929641, -0.1410675995393959, -0.6384471837457654, -0.10806230738849276, -0.33280325827468865, 1.259568069455309, -0.14600709871060533, -0.26893010711037996, -0.1534474453512897])
(1, '200', [-0.1468720813469858, 0.17837306838165914, -0.2570665808902406, -0.5216009831581446, -0.1423136133929641, -0.1410675995393959, 0.22652785497615993, -0.10806230738849276, -0.33280325827468865, 0.5337524871726095, -0.14600709871060533, 0.15020369690139898, -0.1534474453512897])
(1, '202', [-0.1468720813469858, 0.17837306838165914, -0.2570665808902406, -0.5216009831581446, -0.1423136133929641, -0.1410675995393959, -0.7291300507085479, -0.10806230738849276, -0.33280325827468865, 1.9853836517380086, -0.14600709871060533, 0.15020369690139898, -0.1534474453512897])
(1, '207', [-0.1468720813469858, 0.17837306838165914, -0.2570665808902406, -0.5216009831581446, -0.1423136133929641, -0.1410675995393959, 0.16025960604181888, -0.10806230738849276, -0.33280325827468865, 0.5337524871726095, -0.14600709871060533, 0.15020369690139898, -0.1534474453512897])
(1, '210', [-0.1468720813469858, 0.8241616955152541, -0.2570665808902406, -0.5216009831581446, -0.1423136133929641, -0.1410675995393959, -0.6140325657173239, -0.10806230738849276, -0.33280325827468865, 0.5337524871726095, -0.14600709871060533, 0.7789044029190674, -0.1534474453512897])
(1, '211', [0.3001201097749952, -0.25215268304073746, 1.5573058719245492, -0.5216009831581446, -0.1423136133929641, -0.1410675995393959, -0.4570814498202004, -0.10806230738849276, 1.4517417806901278, 0.5337524871726095, 0.29597960229922254, -0.26893010711037996, -0.1534474453512897])
(1, '215', [-0.1468720813469858, -0.4674155587519358, -0.2570665808902406, -0.5216009831581446, -0.1423136133929641, -0.1410675995393959, -0.7361056558595311, -0.10806230738849276, -0.33280325827468865, 0.5337524871726095, -0.14600709871060533, -0.47849700911626936, -0.1534474453512897])
(1, '220', [-0.1468720813469858, 0.17837306838165914, -0.2570665808902406, -0.5216009831581446, -0.1423136133929641, -0.1410675995393959, -0.17805724378086962, -0.10806230738849276, -0.33280325827468865, 0.5337524871726095, -0.14600709871060533, 0.15020369690139898, -0.1534474453512897])
(1, '222', [-0.1468720813469858, 0.8241616955152541, -0.2570665808902406, -0.5216009831581446, -0.1423136133929641, -0.1410675995393959, -0.5896179476888824, -0.10806230738849276, -0.33280325827468865, 0.5337524871726095, -0.14600709871060533, 0.7789044029190674, -0.1534474453512897])
(1, '223', [-0.1468720813469858, 0.17837306838165914, -0.2570665808902406, -0.5216009831581446, -0.1423136133929641, -0.1410675995393959, -0.7151788404065813, -0.10806230738849276, -0.33280325827468865, 1.9853836517380086, -0.14600709871060533, 0.15020369690139898, -0.1534474453512897])
(1, '226', [-0.1468720813469858, 0.17837306838165914, -0.2570665808902406, -0.5216009831581446, -0.1423136133929641, -0.1410675995393959, -0.5338131064810163, -0.10806230738849276, -0.33280325827468865, 0.5337524871726095, -0.14600709871060533, 0.15020369690139898, -0.1534474453512897])
(1, '227', [-0.1468720813469858, 0.39363594409285746, -0.2570665808902406, -0.5216009831581446, -0.1423136133929641, -0.1410675995393959, -0.15015482317693654, -0.10806230738849276, -0.33280325827468865, 1.259568069455309, -0.14600709871060533, 0.3597705989072884, -0.1534474453512897])
(1, '239', [-0.1468720813469858, 0.39363594409285746, -0.2570665808902406, -0.5216009831581446, -0.1423136133929641, -0.1410675995393959, 0.1288693828623942, -0.10806230738849276, -0.33280325827468865, 0.5337524871726095, -0.14600709871060533, 0.3597705989072884, -0.1534474453512897])
(1, '253', [-0.1468720813469858, 0.6088988198040558, -0.2570665808902406, -0.5216009831581446, -0.1423136133929641, -0.1410675995393959, -0.7047154326801064, -0.10806230738849276, -0.33280325827468865, 0.5337524871726095, -0.14600709871060533, 0.5693375009131779, -0.1534474453512897])
(1, '255', [-0.1468720813469858, 0.6088988198040558, -0.2570665808902406, -0.5216009831581446, -0.1423136133929641, -0.1410675995393959, -0.0036671150062879162, -0.10806230738849276, -0.33280325827468865, 0.5337524871726095, -0.14600709871060533, 0.5693375009131779, -0.1534474453512897])
(1, '256', [-0.1468720813469858, -0.4674155587519358, -0.2570665808902406, -0.5216009831581446, -0.1423136133929641, -0.1410675995393959, -0.7395934584350228, -0.10806230738849276, -0.33280325827468865, 0.5337524871726095, -0.14600709871060533, -0.47849700911626936, -0.1534474453512897])
(1, '257', [-0.1468720813469858, 0.17837306838165914, -0.2570665808902406, -0.5216009831581446, -0.1423136133929641, -0.1410675995393959, 0.16374740861731052, -0.10806230738849276, -0.33280325827468865, 0.5337524871726095, -0.14600709871060533, 0.15020369690139898, -0.1534474453512897])
(1, '268', [-0.1468720813469858, 0.39363594409285746, -0.2570665808902406, -0.5216009831581446, -0.1423136133929641, -0.1410675995393959, -0.13271581029947838, -0.10806230738849276, -0.33280325827468865, 0.5337524871726095, -0.14600709871060533, 0.3597705989072884, -0.1534474453512897])
(1, '271', [-0.1468720813469858, 0.8241616955152541, -0.2570665808902406, -0.5216009831581446, -0.1423136133929641, -0.1410675995393959, -0.3001303339230768, -0.10806230738849276, -0.33280325827468865, 0.5337524871726095, -0.14600709871060533, 0.9884713049249568, -0.1534474453512897])
(1, '285', [-0.1468720813469858, 0.39363594409285746, -0.2570665808902406, -0.5216009831581446, -0.1423136133929641, -0.1410675995393959, 0.06260113392805314, -0.10806230738849276, -0.33280325827468865, 1.259568069455309, -0.14600709871060533, 0.3597705989072884, -0.1534474453512897])
(1, '286', [-0.1468720813469858, 0.39363594409285746, -0.2570665808902406, -0.5216009831581446, -0.1423136133929641, -0.1410675995393959, -0.784934891916414, -0.10806230738849276, -0.33280325827468865, 0.5337524871726095, -0.14600709871060533, 0.3597705989072884, -0.1534474453512897])
(1, '289', [-0.1468720813469858, -0.25215268304073746, -0.2570665808902406, -0.5216009831581446, -0.1423136133929641, -0.1410675995393959, -0.3489595699799597, -0.10806230738849276, -0.33280325827468865, 0.5337524871726095, -0.14600709871060533, -0.26893010711037996, -0.1534474453512897])
(1, '293', [-0.1468720813469858, 0.39363594409285746, -0.2570665808902406, -0.5216009831581446, -0.1423136133929641, -0.1410675995393959, -0.66983740692519, -0.10806230738849276, -0.33280325827468865, 0.5337524871726095, -0.14600709871060533, 0.3597705989072884, -0.1534474453512897])
(1, '299', [-0.1468720813469858, -0.25215268304073746, -0.2570665808902406, -0.5216009831581446, -0.1423136133929641, -0.1410675995393959, -0.37337418800840116, -0.10806230738849276, -0.33280325827468865, 0.5337524871726095, -0.14600709871060533, -0.26893010711037996, -0.1534474453512897])
(1, '301', [-0.1468720813469858, -0.25215268304073746, -0.2570665808902406, -0.5216009831581446, -0.1423136133929641, -0.1410675995393959, -0.11178899484652857, -0.10806230738849276, -0.33280325827468865, 0.5337524871726095, -0.14600709871060533, -0.26893010711037996, -0.1534474453512897])
(1, '305', [-0.1468720813469858, 0.6088988198040558, -0.2570665808902406, -0.5216009831581446, -0.1423136133929641, -0.1410675995393959, 0.0033084901446953524, -0.10806230738849276, -0.33280325827468865, 0.5337524871726095, -0.14600709871060533, 0.5693375009131779, -0.1534474453512897])
(1, '306', [-0.1468720813469858, -0.03688980732953918, -0.2570665808902406, -0.5216009831581446, -0.1423136133929641, -0.1410675995393959, -0.5233496987545414, -0.10806230738849276, -0.33280325827468865, 0.5337524871726095, -0.14600709871060533, -0.05936320510449048, -0.1534474453512897])
(1, '309', [-0.1468720813469858, 0.6088988198040558, -0.2570665808902406, -0.5216009831581446, -0.1423136133929641, -0.1410675995393959, -0.0943499819690704, -0.10806230738849276, -0.33280325827468865, 0.5337524871726095, -0.14600709871060533, 0.5693375009131779, -0.1534474453512897])
(1, '310', [-0.1468720813469858, 0.39363594409285746, -0.2570665808902406, -0.5216009831581446, -0.1423136133929641, -0.1410675995393959, -0.6523983940477319, -0.10806230738849276, -0.33280325827468865, 0.5337524871726095, -0.14600709871060533, 0.3597705989072884, -0.1534474453512897])
(1, '311', [-0.1468720813469858, -0.4674155587519358, -0.2570665808902406, -0.5216009831581446, -0.1423136133929641, -0.1410675995393959, -0.746569063586006, -0.10806230738849276, -0.33280325827468865, 0.5337524871726095, -0.14600709871060533, -0.47849700911626936, -0.1534474453512897])
(1, '315', [-0.1468720813469858, 0.8241616955152541, -0.2570665808902406, -0.5216009831581446, -0.1423136133929641, -0.1410675995393959, 0.16374740861731052, -0.10806230738849276, -0.33280325827468865, 0.5337524871726095, -0.14600709871060533, 0.7789044029190674, -0.1534474453512897])
(1, '317', [-0.1468720813469858, 0.17837306838165914, -0.2570665808902406, -0.5216009831581446, -0.1423136133929641, -0.1410675995393959, -0.7256422481330562, -0.10806230738849276, -0.33280325827468865, 0.5337524871726095, -0.14600709871060533, 0.15020369690139898, -0.1534474453512897])
(1, '319', [-0.1468720813469858, 0.17837306838165914, -0.2570665808902406, -0.5216009831581446, -0.1423136133929641, -0.1410675995393959, -0.36291078028192625, -0.10806230738849276, -0.33280325827468865, 0.5337524871726095, -0.14600709871060533, 0.15020369690139898, -0.1534474453512897])
(1, '320', [-0.0574736431225896, -0.25215268304073746, 0.10580790967271733, -0.5216009831581446, -0.1423136133929641, -0.1410675995393959, -0.7709836816144474, -0.10806230738849276, 1.4517417806901278, 1.259568069455309, -0.057609758508639745, -0.26893010711037996, -0.1534474453512897])
(1, '321', [-0.1468720813469858, 0.39363594409285746, -0.2570665808902406, -0.5216009831581446, -0.1423136133929641, -0.1410675995393959, -0.7221544455575646, -0.10806230738849276, -0.33280325827468865, 0.5337524871726095, -0.14600709871060533, 0.5693375009131779, -0.1534474453512897])
(1, '324', [-0.1468720813469858, 0.6088988198040558, -0.2570665808902406, -0.5216009831581446, -0.1423136133929641, -0.1410675995393959, -0.5093984884525748, -0.10806230738849276, -0.33280325827468865, 0.5337524871726095, -0.14600709871060533, 0.5693375009131779, -0.1534474453512897])
(1, '336', [-0.1468720813469858, -0.03688980732953918, -0.2570665808902406, -0.5216009831581446, -0.1423136133929641, -0.1410675995393959, -0.5233496987545414, -0.10806230738849276, -0.33280325827468865, 0.5337524871726095, -0.14600709871060533, -0.05936320510449048, -0.1534474453512897])
(1, '341', [-0.1468720813469858, 0.17837306838165914, -0.2570665808902406, -0.5216009831581446, -0.1423136133929641, -0.1410675995393959, -0.6803008146516649, -0.10806230738849276, -0.33280325827468865, -0.19206309511009, -0.14600709871060533, 0.15020369690139898, -0.1534474453512897])
(1, '343', [-0.1468720813469858, 0.39363594409285746, -0.2570665808902406, -0.5216009831581446, -0.1423136133929641, -0.1410675995393959, -0.6593739991987152, -0.10806230738849276, -0.33280325827468865, 1.259568069455309, -0.14600709871060533, 0.3597705989072884, -0.1534474453512897])
(1, '345', [-0.1468720813469858, 0.17837306838165914, -0.2570665808902406, -0.5216009831581446, -0.1423136133929641, -0.1410675995393959, 0.038186515899611695, -0.10806230738849276, -0.33280325827468865, 0.5337524871726095, -0.14600709871060533, 0.15020369690139898, -0.1534474453512897])
(1, '349', [-0.1468720813469858, -0.4674155587519358, -0.2570665808902406, -0.5216009831581446, -0.1423136133929641, -0.1410675995393959, -0.6907642223781398, -0.10806230738849276, -0.33280325827468865, 0.5337524871726095, -0.14600709871060533, -0.47849700911626936, -0.1534474453512897])
(1, '356', [-0.1468720813469858, 0.8241616955152541, -0.2570665808902406, -0.5216009831581446, -0.1423136133929641, -0.1410675995393959, -0.10132558712005367, -0.10806230738849276, -0.33280325827468865, 0.5337524871726095, -0.14600709871060533, 0.7789044029190674, -0.1534474453512897])
(1, '366', [-0.1468720813469858, 0.39363594409285746, -0.2570665808902406, -0.5216009831581446, -0.1423136133929641, -0.1410675995393959, -0.5931057502643741, -0.10806230738849276, -0.33280325827468865, 0.5337524871726095, -0.14600709871060533, 0.3597705989072884, -0.1534474453512897])
(1, '372', [-0.10217286223478769, -0.25215268304073746, -0.07562933560876163, -0.5216009831581446, -0.1423136133929641, -0.1410675995393959, -0.6314715785947821, -0.10806230738849276, 1.4517417806901278, 0.5337524871726095, -0.10180842860962254, -0.26893010711037996, -0.1534474453512897])
(1, '380', [-0.1468720813469858, -0.25215268304073746, -0.2570665808902406, -0.5216009831581446, -0.1423136133929641, -0.1410675995393959, -0.4919594755751167, -0.10806230738849276, -0.33280325827468865, 0.5337524871726095, -0.14600709871060533, -0.26893010711037996, -0.1534474453512897])
(1, '383', [-0.1468720813469858, 0.17837306838165914, -0.2570665808902406, -0.5216009831581446, -0.1423136133929641, -0.1410675995393959, 0.08701575195649458, -0.10806230738849276, -0.33280325827468865, 0.5337524871726095, -0.14600709871060533, 0.15020369690139898, -0.1534474453512897])
(1, '389', [-0.1468720813469858, 0.39363594409285746, -0.2570665808902406, -0.5216009831581446, -0.1423136133929641, -0.1410675995393959, -0.5791545399624075, -0.10806230738849276, -0.33280325827468865, 0.5337524871726095, -0.14600709871060533, 0.5693375009131779, -0.1534474453512897])
(1, '397', [-0.1468720813469858, 0.39363594409285746, -0.2570665808902406, -0.5216009831581446, -0.1423136133929641, -0.1410675995393959, -0.2513010978661939, -0.10806230738849276, -0.33280325827468865, 1.259568069455309, -0.14600709871060533, 0.3597705989072884, -0.1534474453512897])
(1, '405', [-0.1468720813469858, -0.25215268304073746, -0.2570665808902406, -0.5216009831581446, -0.1423136133929641, -0.1410675995393959, -0.3663985828574179, -0.10806230738849276, -0.33280325827468865, 0.5337524871726095, -0.14600709871060533, -0.26893010711037996, -0.1534474453512897])
(1, '414', [-0.1468720813469858, -0.4674155587519358, -0.2570665808902406, -0.5216009831581446, -0.1423136133929641, -0.1410675995393959, -0.5442765142074912, -0.10806230738849276, -0.33280325827468865, 0.5337524871726095, -0.14600709871060533, -0.47849700911626936, -0.1534474453512897])
(1, '423', [-0.1468720813469858, 0.6088988198040558, -0.2570665808902406, -0.5216009831581446, -0.1423136133929641, -0.1410675995393959, 0.5229910738929489, -0.10806230738849276, -0.33280325827468865, 0.5337524871726095, -0.14600709871060533, 0.5693375009131779, -0.1534474453512897])
(1, '428', [-0.1468720813469858, -0.25215268304073746, -0.2570665808902406, -0.5216009831581446, -0.1423136133929641, -0.1410675995393959, -0.3384961622534848, -0.10806230738849276, -0.33280325827468865, 0.5337524871726095, -0.14600709871060533, -0.05936320510449048, -0.1534474453512897])
(1, '430', [-0.1468720813469858, -0.25215268304073746, -0.2570665808902406, -0.5216009831581446, -0.1423136133929641, -0.1410675995393959, -0.3663985828574179, -0.10806230738849276, -0.33280325827468865, 0.5337524871726095, -0.14600709871060533, -0.26893010711037996, -0.1534474453512897])
(1, '431', [-0.1468720813469858, 0.8241616955152541, -0.2570665808902406, -0.5216009831581446, -0.1423136133929641, -0.1410675995393959, -0.6140325657173239, -0.10806230738849276, -0.33280325827468865, 1.259568069455309, -0.14600709871060533, 0.7789044029190674, -0.1534474453512897])
(1, '432', [-0.1468720813469858, 0.6088988198040558, -0.2570665808902406, -0.5216009831581446, -0.1423136133929641, -0.1410675995393959, -0.5721789348114243, -0.10806230738849276, -0.33280325827468865, 1.259568069455309, -0.14600709871060533, 0.5693375009131779, -0.1534474453512897])
(1, '437', [-0.1468720813469858, -0.25215268304073746, -0.2570665808902406, -0.5216009831581446, -0.1423136133929641, -0.1410675995393959, -0.718666642982073, -0.10806230738849276, -0.33280325827468865, 0.5337524871726095, -0.14600709871060533, -0.05936320510449048, -0.1534474453512897])
(1, '438', [-0.012774424010391503, 0.8241616955152541, 0.2872451549541963, -0.5216009831581446, -0.1423136133929641, -0.1410675995393959, -0.44661804209372546, -0.10806230738849276, 1.4517417806901278, 0.5337524871726095, -0.013411088407656951, 0.7789044029190674, -0.1534474453512897])
(1, '440', [-0.1468720813469858, 0.17837306838165914, -0.2570665808902406, -0.5216009831581446, -0.1423136133929641, -0.1410675995393959, -0.4187156214897924, -0.10806230738849276, -0.33280325827468865, 0.5337524871726095, -0.14600709871060533, 0.15020369690139898, -0.1534474453512897])
(1, '445', [-0.1468720813469858, -0.25215268304073746, -0.2570665808902406, -0.5216009831581446, -0.1423136133929641, -0.1410675995393959, -0.2687401107436521, -0.10806230738849276, -0.33280325827468865, 0.5337524871726095, -0.14600709871060533, -0.26893010711037996, -0.1534474453512897])
(1, '453', [-0.1468720813469858, -0.25215268304073746, -0.2570665808902406, -0.5216009831581446, -0.1423136133929641, -0.1410675995393959, -0.460569252395692, -0.10806230738849276, -0.33280325827468865, 0.5337524871726095, -0.14600709871060533, -0.26893010711037996, -0.1534474453512897])
(1, '454', [-0.10217286223478769, -0.03688980732953918, -0.07562933560876163, 1.5276195130512888, -0.1423136133929641, -0.1410675995393959, -0.5896179476888824, -0.10806230738849276, 1.4517417806901278, 0.5337524871726095, -0.10180842860962254, -0.05936320510449048, -0.1534474453512897])
(1, '464', [-0.1468720813469858, 0.6088988198040558, -0.2570665808902406, -0.5216009831581446, -0.1423136133929641, -0.1410675995393959, -0.1954962566583278, -0.10806230738849276, -0.33280325827468865, 0.5337524871726095, -0.14600709871060533, 0.5693375009131779, -0.1534474453512897])
(1, '471', [-0.1468720813469858, -0.03688980732953918, -0.2570665808902406, -0.5216009831581446, -0.1423136133929641, -0.1410675995393959, -0.6175203682928155, -0.10806230738849276, -0.33280325827468865, 0.5337524871726095, -0.14600709871060533, -0.05936320510449048, -0.1534474453512897])
(1, '475', [-0.1468720813469858, -0.03688980732953918, -0.2570665808902406, -0.5216009831581446, -0.1423136133929641, -0.1410675995393959, 0.3939423785997584, -0.10806230738849276, -0.33280325827468865, 0.5337524871726095, -0.14600709871060533, -0.05936320510449048, -0.1534474453512897])
(1, '476', [-0.1468720813469858, 0.39363594409285746, -0.2570665808902406, -0.5216009831581446, -0.1423136133929641, -0.1410675995393959, -0.46405705497118366, -0.10806230738849276, -0.33280325827468865, -0.19206309511009, -0.14600709871060533, 0.3597705989072884, -0.1534474453512897])
(1, '479', [-0.1468720813469858, 0.17837306838165914, -0.2570665808902406, -0.5216009831581446, -0.1423136133929641, -0.1410675995393959, -0.33152055710250156, -0.10806230738849276, -0.33280325827468865, 0.5337524871726095, -0.14600709871060533, 0.15020369690139898, -0.1534474453512897])
(1, '485', [-0.1468720813469858, 0.39363594409285746, -0.2570665808902406, -0.5216009831581446, -0.1423136133929641, -0.1410675995393959, -0.6837886172271566, -0.10806230738849276, -0.33280325827468865, 0.5337524871726095, -0.14600709871060533, 0.3597705989072884, -0.1534474453512897])
(1, '491', [-0.1468720813469858, -0.03688980732953918, -0.2570665808902406, -0.5216009831581446, -0.1423136133929641, -0.1410675995393959, -0.4501058446692171, -0.10806230738849276, -0.33280325827468865, 0.5337524871726095, -0.14600709871060533, -0.05936320510449048, -0.1534474453512897])
(1, '492', [-0.1468720813469858, 0.39363594409285746, -0.2570665808902406, -0.5216009831581446, -0.1423136133929641, -0.1410675995393959, -0.2373498875642274, -0.10806230738849276, -0.33280325827468865, 0.5337524871726095, -0.14600709871060533, 0.3597705989072884, -0.1534474453512897])
(1, '508', [-0.1468720813469858, -0.03688980732953918, -0.2570665808902406, -0.5216009831581446, -0.1423136133929641, -0.1410675995393959, 0.22652785497615993, -0.10806230738849276, -0.33280325827468865, 0.5337524871726095, -0.14600709871060533, -0.05936320510449048, -0.1534474453512897])
(1, '514', [-0.1468720813469858, 0.17837306838165914, -0.2570665808902406, -0.5216009831581446, -0.1423136133929641, -0.1410675995393959, -0.4431302395182338, -0.10806230738849276, -0.33280325827468865, 1.259568069455309, -0.14600709871060533, 0.3597705989072884, -0.1534474453512897])
(1, '519', [-0.1468720813469858, 0.39363594409285746, -0.2570665808902406, -0.5216009831581446, -0.1423136133929641, -0.1410675995393959, -0.6768130120761733, -0.10806230738849276, -0.33280325827468865, 0.5337524871726095, -0.14600709871060533, 0.3597705989072884, -0.1534474453512897])
(1, '525', [-0.1468720813469858, 0.39363594409285746, -0.2570665808902406, -0.5216009831581446, -0.1423136133929641, -0.1410675995393959, 0.5439178893458987, -0.10806230738849276, -0.33280325827468865, 0.5337524871726095, -0.14600709871060533, 0.3597705989072884, -0.1534474453512897])
(1, '529', [-0.1468720813469858, -0.4674155587519358, -0.2570665808902406, -0.5216009831581446, -0.1423136133929641, -0.1410675995393959, -0.6942520249536315, -0.10806230738849276, -0.33280325827468865, 0.5337524871726095, -0.14600709871060533, -0.47849700911626936, -0.1534474453512897])
(1, '531', [-0.1468720813469858, 0.6088988198040558, -0.2570665808902406, -0.5216009831581446, -0.1423136133929641, -0.1410675995393959, 1.0810394859716101, -0.10806230738849276, -0.33280325827468865, 0.5337524871726095, -0.14600709871060533, 0.5693375009131779, -0.1534474453512897])
(1, '537', [-0.1468720813469858, -0.03688980732953918, -0.2570665808902406, -0.5216009831581446, -0.1423136133929641, -0.1410675995393959, -0.7640080764634641, -0.10806230738849276, -0.33280325827468865, 0.5337524871726095, -0.14600709871060533, -0.05936320510449048, -0.1534474453512897])
(1, '539', [-0.1468720813469858, 0.17837306838165914, -0.2570665808902406, -0.5216009831581446, -0.1423136133929641, -0.1410675995393959, -0.45359364724470874, -0.10806230738849276, -0.33280325827468865, 1.259568069455309, -0.14600709871060533, 0.15020369690139898, -0.1534474453512897])
(1, '544', [-0.1468720813469858, 0.39363594409285746, -0.2570665808902406, -0.5216009831581446, -0.1423136133929641, -0.1410675995393959, -0.460569252395692, -0.10806230738849276, -0.33280325827468865, 0.5337524871726095, -0.14600709871060533, 0.3597705989072884, -0.1534474453512897])
(1, '548', [-0.1468720813469858, 0.39363594409285746, -0.2570665808902406, -0.5216009831581446, -0.1423136133929641, -0.1410675995393959, 0.20211323694771852, -0.10806230738849276, -0.33280325827468865, 0.5337524871726095, -0.14600709871060533, 0.3597705989072884, -0.1534474453512897])
(1, '550', [0.8812099582335705, 0.17837306838165914, 3.9159900605837756, -0.5216009831581446, -0.1423136133929641, -0.1410675995393959, 0.5055520610154907, -0.10806230738849276, 1.4517417806901278, 0.5337524871726095, 0.8705623136119989, 0.15020369690139898, -0.1534474453512897])
(1, '552', [-0.1468720813469858, 0.6088988198040558, -0.2570665808902406, -0.5216009831581446, -0.1423136133929641, -0.1410675995393959, -0.3698863854329095, -0.10806230738849276, -0.33280325827468865, 0.5337524871726095, -0.14600709871060533, 0.5693375009131779, -0.1534474453512897])
(1, '554', [-0.1468720813469858, 0.8241616955152541, -0.2570665808902406, -0.5216009831581446, -0.1423136133929641, -0.1410675995393959, -0.7256422481330562, -0.10806230738849276, -0.33280325827468865, 1.259568069455309, -0.14600709871060533, 0.7789044029190674, -0.1534474453512897])
(1, '560', [-0.1468720813469858, 0.6088988198040558, -0.2570665808902406, -0.5216009831581446, -0.1423136133929641, -0.1410675995393959, -0.5198618961790498, -0.10806230738849276, -0.33280325827468865, 1.259568069455309, -0.14600709871060533, 0.5693375009131779, -0.1534474453512897])
(1, '565', [-0.1468720813469858, 0.17837306838165914, -0.2570665808902406, -0.5216009831581446, -0.1423136133929641, -0.1410675995393959, -0.49544727815060835, -0.10806230738849276, -0.33280325827468865, 1.259568069455309, -0.14600709871060533, 0.3597705989072884, -0.1534474453512897])
(1, '570', [-0.1468720813469858, 0.39363594409285746, -0.2570665808902406, -0.5216009831581446, -0.1423136133929641, -0.1410675995393959, -0.021106127883746086, -0.10806230738849276, -0.33280325827468865, 0.5337524871726095, -0.14600709871060533, 0.5693375009131779, -0.1534474453512897])
(1, '571', [-0.1468720813469858, 0.17837306838165914, -0.2570665808902406, -0.5216009831581446, -0.1423136133929641, -0.1410675995393959, -0.37337418800840116, -0.10806230738849276, -0.33280325827468865, 0.5337524871726095, -0.14600709871060533, 0.15020369690139898, -0.1534474453512897])
(1, '579', [-0.1468720813469858, 0.17837306838165914, -0.2570665808902406, -0.5216009831581446, -0.1423136133929641, -0.1410675995393959, 0.08701575195649458, -0.10806230738849276, -0.33280325827468865, 0.5337524871726095, -0.14600709871060533, 0.15020369690139898, -0.1534474453512897])
(1, '580', [-0.1468720813469858, -0.25215268304073746, -0.2570665808902406, -0.5216009831581446, -0.1423136133929641, -0.1410675995393959, -0.17108163862988635, -0.10806230738849276, -0.33280325827468865, 0.5337524871726095, -0.14600709871060533, -0.26893010711037996, -0.1534474453512897])
(1, '583', [-0.1468720813469858, -0.03688980732953918, -0.2570665808902406, -0.5216009831581446, -0.1423136133929641, -0.1410675995393959, -0.5652033296604411, -0.10806230738849276, -0.33280325827468865, 0.5337524871726095, -0.14600709871060533, -0.05936320510449048, -0.1534474453512897])
(1, '590', [-0.1468720813469858, 0.39363594409285746, -0.2570665808902406, -0.5216009831581446, -0.1423136133929641, -0.1410675995393959, 0.49857645586450744, -0.10806230738849276, -0.33280325827468865, 1.259568069455309, -0.14600709871060533, 0.3597705989072884, -0.1534474453512897])
(1, '592', [-0.1468720813469858, 0.6088988198040558, -0.2570665808902406, -0.5216009831581446, -0.1423136133929641, -0.1410675995393959, -0.4326668317917589, -0.10806230738849276, -0.33280325827468865, 0.5337524871726095, -0.14600709871060533, 0.5693375009131779, -0.1534474453512897])
(1, '596', [-0.1468720813469858, -0.25215268304073746, -0.2570665808902406, -0.5216009831581446, -0.1423136133929641, -0.1410675995393959, -0.6070569605663406, -0.10806230738849276, -0.33280325827468865, 0.5337524871726095, -0.14600709871060533, -0.26893010711037996, -0.1534474453512897])
(1, '597', [-0.1468720813469858, -0.25215268304073746, -0.2570665808902406, -0.5216009831581446, -0.1423136133929641, -0.1410675995393959, -0.6768130120761733, -0.10806230738849276, -0.33280325827468865, 0.5337524871726095, -0.14600709871060533, -0.26893010711037996, -0.1534474453512897])
(1, '605', [-0.1468720813469858, 0.6088988198040558, -0.2570665808902406, -0.5216009831581446, -0.1423136133929641, -0.1410675995393959, -0.5512521193584745, -0.10806230738849276, -0.33280325827468865, 1.9853836517380086, -0.14600709871060533, 0.5693375009131779, -0.1534474453512897])
(1, '611', [-0.1468720813469858, -0.03688980732953918, -0.2570665808902406, -0.5216009831581446, -0.1423136133929641, -0.1410675995393959, -0.7605202738879725, -0.10806230738849276, -0.33280325827468865, 0.5337524871726095, -0.14600709871060533, 0.15020369690139898, -0.1534474453512897])
(1, '614', [-0.1468720813469858, 0.17837306838165914, -0.2570665808902406, -0.5216009831581446, -0.1423136133929641, -0.1410675995393959, 0.22652785497615993, -0.10806230738849276, -0.33280325827468865, 0.5337524871726095, -0.14600709871060533, 0.15020369690139898, -0.1534474453512897])
(1, '619', [-0.1468720813469858, 0.8241616955152541, -0.2570665808902406, -0.5216009831581446, -0.1423136133929641, -0.1410675995393959, -0.5442765142074912, -0.10806230738849276, -0.33280325827468865, 1.259568069455309, -0.14600709871060533, 0.7789044029190674, -0.1534474453512897])
(1, '620', [-0.1468720813469858, 1.0394245712264523, -0.2570665808902406, -0.5216009831581446, -0.1423136133929641, -0.1410675995393959, -0.5059106858770832, -0.10806230738849276, -0.33280325827468865, 0.5337524871726095, -0.14600709871060533, 0.9884713049249568, -0.1534474453512897])
(1, '622', [-0.1468720813469858, -0.03688980732953918, -0.2570665808902406, -0.5216009831581446, -0.1423136133929641, -0.1410675995393959, -0.7500568661614977, -0.10806230738849276, -0.33280325827468865, 0.5337524871726095, -0.14600709871060533, -0.05936320510449048, -0.1534474453512897])
(1, '624', [-0.1468720813469858, 0.39363594409285746, -0.2570665808902406, -0.5216009831581446, -0.1423136133929641, -0.1410675995393959, -0.4989350807261, -0.10806230738849276, -0.33280325827468865, 1.259568069455309, -0.14600709871060533, 0.3597705989072884, -0.1534474453512897])
(1, '626', [-0.1468720813469858, 0.17837306838165914, -0.2570665808902406, -0.5216009831581446, -0.1423136133929641, -0.1410675995393959, -0.47800826527315016, -0.10806230738849276, -0.33280325827468865, 0.5337524871726095, -0.14600709871060533, 0.3597705989072884, -0.1534474453512897])
(1, '641', [-0.1468720813469858, 0.17837306838165914, -0.2570665808902406, -0.5216009831581446, -0.1423136133929641, -0.1410675995393959, -0.7395934584350228, -0.10806230738849276, -0.33280325827468865, 1.259568069455309, -0.14600709871060533, 0.15020369690139898, -0.1534474453512897])
(1, '646', [-0.1468720813469858, -0.03688980732953918, -0.2570665808902406, -0.5216009831581446, -0.1423136133929641, -0.1410675995393959, -0.537300909056508, -0.10806230738849276, -0.33280325827468865, 1.259568069455309, -0.14600709871060533, -0.05936320510449048, -0.1534474453512897])
(1, '654', [-0.1468720813469858, 0.17837306838165914, -0.2570665808902406, -0.5216009831581446, -0.1423136133929641, -0.1410675995393959, -0.3594229777064346, -0.10806230738849276, -0.33280325827468865, 1.9853836517380086, -0.14600709871060533, 0.15020369690139898, -0.1534474453512897])
(1, '672', [-0.1468720813469858, 0.39363594409285746, -0.2570665808902406, -0.5216009831581446, -0.1423136133929641, -0.1410675995393959, 0.4881130481380325, -0.10806230738849276, -0.33280325827468865, 0.5337524871726095, -0.14600709871060533, 0.3597705989072884, -0.1534474453512897])
(1, '673', [-0.1468720813469858, 0.39363594409285746, -0.2570665808902406, -0.5216009831581446, -0.1423136133929641, -0.1410675995393959, -0.5721789348114243, -0.10806230738849276, -0.33280325827468865, 0.5337524871726095, -0.14600709871060533, 0.3597705989072884, -0.1534474453512897])
(1, '679', [-0.1468720813469858, -0.03688980732953918, -0.2570665808902406, -0.5216009831581446, -0.1423136133929641, -0.1410675995393959, 0.30674731421246754, -0.10806230738849276, -0.33280325827468865, 1.259568069455309, -0.14600709871060533, -0.05936320510449048, -0.1534474453512897])
(1, '680', [-0.1468720813469858, 0.39363594409285746, -0.2570665808902406, -0.5216009831581446, -0.1423136133929641, -0.1410675995393959, -0.5303253039055247, -0.10806230738849276, -0.33280325827468865, 0.5337524871726095, -0.14600709871060533, 0.3597705989072884, -0.1534474453512897])
(1, '693', [-0.1468720813469858, 0.39363594409285746, -0.2570665808902406, -0.5216009831581446, -0.1423136133929641, -0.1410675995393959, -0.7814470893409223, -0.10806230738849276, -0.33280325827468865, 1.259568069455309, -0.14600709871060533, 0.5693375009131779, -0.1534474453512897])
(1, '700', [-0.1468720813469858, 0.17837306838165914, -0.2570665808902406, -0.5216009831581446, -0.1423136133929641, -0.1410675995393959, -0.7221544455575646, -0.10806230738849276, -0.33280325827468865, 0.5337524871726095, -0.14600709871060533, 0.15020369690139898, -0.1534474453512897])
(1, '701', [-0.1468720813469858, -0.25215268304073746, -0.2570665808902406, -0.5216009831581446, -0.1423136133929641, -0.1410675995393959, -0.4884716729996251, -0.10806230738849276, -0.33280325827468865, 0.5337524871726095, -0.14600709871060533, -0.26893010711037996, -0.1534474453512897])
(1, '721', [-0.1468720813469858, -0.25215268304073746, -0.2570665808902406, -0.5216009831581446, -0.1423136133929641, -0.1410675995393959, -0.19200845408283618, -0.10806230738849276, -0.33280325827468865, 0.5337524871726095, -0.14600709871060533, -0.26893010711037996, -0.1534474453512897])
(1, '724', [-0.1468720813469858, 0.17837306838165914, -0.2570665808902406, -0.5216009831581446, -0.1423136133929641, -0.1410675995393959, -0.16061823090341146, -0.10806230738849276, -0.33280325827468865, 0.5337524871726095, -0.14600709871060533, 0.15020369690139898, -0.1534474453512897])
(1, '732', [-0.1468720813469858, -0.4674155587519358, -0.2570665808902406, -0.5216009831581446, -0.1423136133929641, -0.1410675995393959, -0.6175203682928155, -0.10806230738849276, -0.33280325827468865, 0.5337524871726095, -0.14600709871060533, -0.47849700911626936, -0.1534474453512897])
(1, '741', [-0.1468720813469858, 0.6088988198040558, -0.2570665808902406, -0.5216009831581446, -0.1423136133929641, -0.1410675995393959, -0.6837886172271566, -0.10806230738849276, -0.33280325827468865, 0.5337524871726095, -0.14600709871060533, 0.5693375009131779, -0.1534474453512897])
(1, '744', [-0.1468720813469858, -0.25215268304073746, -0.2570665808902406, -0.5216009831581446, -0.1423136133929641, -0.1410675995393959, -0.7326178532840395, -0.10806230738849276, -0.33280325827468865, 1.259568069455309, -0.14600709871060533, -0.05936320510449048, -0.1534474453512897])
(1, '745', [-0.1468720813469858, 0.17837306838165914, -0.2570665808902406, -0.5216009831581446, -0.1423136133929641, -0.1410675995393959, -0.6105447631418323, -0.10806230738849276, -0.33280325827468865, 0.5337524871726095, -0.14600709871060533, 0.15020369690139898, -0.1534474453512897])
(1, '746', [-0.1468720813469858, -0.4674155587519358, -0.2570665808902406, -0.5216009831581446, -0.1423136133929641, -0.1410675995393959, -0.3768619905838928, -0.10806230738849276, -0.33280325827468865, 0.5337524871726095, -0.14600709871060533, -0.26893010711037996, -0.1534474453512897])
(1, '747', [-0.1468720813469858, -0.03688980732953918, -0.2570665808902406, -0.5216009831581446, -0.1423136133929641, -0.1410675995393959, -0.6070569605663406, -0.10806230738849276, -0.33280325827468865, 1.9853836517380086, -0.14600709871060533, 0.15020369690139898, -0.1534474453512897])
(1, '748', [-0.1468720813469858, 0.17837306838165914, -0.2570665808902406, -0.5216009831581446, -0.1423136133929641, -0.1410675995393959, -0.31408154422504336, -0.10806230738849276, -0.33280325827468865, -0.19206309511009, -0.14600709871060533, 0.15020369690139898, -0.1534474453512897])
(1, '749', [-0.1468720813469858, 0.8241616955152541, -0.2570665808902406, -0.5216009831581446, -0.1423136133929641, -0.1410675995393959, -0.7674958790389558, -0.10806230738849276, -0.33280325827468865, 1.259568069455309, -0.14600709871060533, 0.7789044029190674, -0.1534474453512897])
(1, '760', [-0.1468720813469858, 0.17837306838165914, -0.2570665808902406, -0.5216009831581446, -0.1423136133929641, -0.1410675995393959, -0.2861791236211103, -0.10806230738849276, -0.33280325827468865, -0.19206309511009, -0.14600709871060533, 0.15020369690139898, -0.1534474453512897])
(1, '772', [-0.1468720813469858, 0.39363594409285746, -0.2570665808902406, -0.5216009831581446, -0.1423136133929641, -0.1410675995393959, -0.7430812610105144, -0.10806230738849276, -0.33280325827468865, 0.5337524871726095, -0.14600709871060533, 0.3597705989072884, -0.1534474453512897])
(1, '775', [-0.1468720813469858, -0.4674155587519358, -0.2570665808902406, -0.5216009831581446, -0.1423136133929641, -0.1410675995393959, -0.575666737386916, -0.10806230738849276, -0.33280325827468865, 0.5337524871726095, -0.14600709871060533, -0.47849700911626936, -0.1534474453512897])
(1, '779', [-0.1468720813469858, -0.03688980732953918, -0.2570665808902406, -0.5216009831581446, -0.1423136133929641, -0.1410675995393959, -0.6279837760192905, -0.10806230738849276, -0.33280325827468865, 0.5337524871726095, -0.14600709871060533, -0.05936320510449048, -0.1534474453512897])
(1, '788', [-0.1468720813469858, -0.25215268304073746, -0.2570665808902406, -0.5216009831581446, -0.1423136133929641, -0.1410675995393959, -0.6070569605663406, -0.10806230738849276, -0.33280325827468865, 1.259568069455309, -0.14600709871060533, -0.26893010711037996, -0.1534474453512897])
(1, '795', [-0.1468720813469858, 0.6088988198040558, -0.2570665808902406, -0.5216009831581446, -0.1423136133929641, -0.1410675995393959, -0.0734231665161206, -0.10806230738849276, -0.33280325827468865, 0.5337524871726095, -0.14600709871060533, 0.5693375009131779, -0.1534474453512897])
(1, '798', [-0.1468720813469858, 0.39363594409285746, -0.2570665808902406, -0.5216009831581446, -0.1423136133929641, -0.1410675995393959, -0.3245449519515183, -0.10806230738849276, -0.33280325827468865, -0.19206309511009, -0.14600709871060533, 0.3597705989072884, -0.1534474453512897])
(1, '801', [-0.1468720813469858, 0.17837306838165914, -0.2570665808902406, -0.5216009831581446, -0.1423136133929641, -0.1410675995393959, -0.33152055710250156, -0.10806230738849276, -0.33280325827468865, 1.259568069455309, -0.14600709871060533, 0.15020369690139898, -0.1534474453512897])
(1, '820', [-0.1468720813469858, 0.39363594409285746, -0.2570665808902406, -0.5216009831581446, -0.1423136133929641, -0.1410675995393959, 0.04167431847510333, -0.10806230738849276, -0.33280325827468865, 0.5337524871726095, -0.14600709871060533, 0.3597705989072884, -0.1534474453512897])
(1, '825', [-0.1468720813469858, -0.25215268304073746, -0.2570665808902406, -0.5216009831581446, -0.1423136133929641, -0.1410675995393959, -0.5617155270849494, -0.10806230738849276, -0.33280325827468865, 0.5337524871726095, -0.14600709871060533, -0.26893010711037996, -0.1534474453512897])
(1, '827', [-0.1468720813469858, -0.03688980732953918, -0.2570665808902406, -0.5216009831581446, -0.1423136133929641, -0.1410675995393959, -0.7535446687369893, -0.10806230738849276, -0.33280325827468865, 0.5337524871726095, -0.14600709871060533, -0.05936320510449048, -0.1534474453512897])
(1, '830', [-0.1468720813469858, 0.6088988198040558, -0.2570665808902406, -0.5216009831581446, -0.1423136133929641, -0.1410675995393959, -0.6558861966232236, -0.10806230738849276, -0.33280325827468865, 1.259568069455309, -0.14600709871060533, 0.5693375009131779, -0.1534474453512897])
(1, '832', [-0.1468720813469858, -0.03688980732953918, -0.2570665808902406, -0.5216009831581446, -0.1423136133929641, -0.1410675995393959, -0.7500568661614977, -0.10806230738849276, -0.33280325827468865, 0.5337524871726095, -0.14600709871060533, -0.05936320510449048, -0.1534474453512897])
(1, '840', [-0.1468720813469858, 0.17837306838165914, -0.2570665808902406, -0.5216009831581446, -0.1423136133929641, -0.1410675995393959, 0.0800401468055113, -0.10806230738849276, -0.33280325827468865, 1.259568069455309, -0.14600709871060533, 0.15020369690139898, -0.1534474453512897])
(1, '849', [-0.1468720813469858, 0.6088988198040558, -0.2570665808902406, -0.5216009831581446, -0.1423136133929641, -0.1410675995393959, -0.7221544455575646, -0.10806230738849276, -0.33280325827468865, 1.259568069455309, -0.14600709871060533, 0.5693375009131779, -0.1534474453512897])
(1, '867', [-0.1468720813469858, 0.39363594409285746, -0.2570665808902406, -0.5216009831581446, -0.1423136133929641, -0.1410675995393959, 0.23001565755165157, -0.10806230738849276, -0.33280325827468865, 0.5337524871726095, -0.14600709871060533, 0.3597705989072884, -0.1534474453512897])
(1, '871', [-0.1468720813469858, 0.39363594409285746, -0.2570665808902406, -0.5216009831581446, -0.1423136133929641, -0.1410675995393959, 0.031210910748628425, -0.10806230738849276, -0.33280325827468865, 1.259568069455309, -0.14600709871060533, 0.3597705989072884, -0.1534474453512897])
(1, '877', [-0.1468720813469858, -0.03688980732953918, -0.2570665808902406, -0.5216009831581446, -0.1423136133929641, -0.1410675995393959, -0.30361813649856845, -0.10806230738849276, -0.33280325827468865, 0.5337524871726095, -0.14600709871060533, -0.05936320510449048, -0.1534474453512897])
(1, '882', [-0.1468720813469858, -0.4674155587519358, -0.2570665808902406, -0.5216009831581446, -0.1423136133929641, -0.1410675995393959, -0.718666642982073, -0.10806230738849276, -0.33280325827468865, 0.5337524871726095, -0.14600709871060533, -0.47849700911626936, -0.1534474453512897])
(1, '897', [-0.1468720813469858, -0.03688980732953918, -0.2570665808902406, -0.5216009831581446, -0.1423136133929641, -0.1410675995393959, 0.2335034601271432, -0.10806230738849276, -0.33280325827468865, 0.5337524871726095, -0.14600709871060533, -0.05936320510449048, -0.1534474453512897])
(1, '917', [-0.1468720813469858, 0.8241616955152541, -0.2570665808902406, -0.5216009831581446, -0.1423136133929641, -0.1410675995393959, -0.5896179476888824, -0.10806230738849276, -0.33280325827468865, 0.5337524871726095, -0.14600709871060533, 0.7789044029190674, -0.1534474453512897])
(1, '918', [-0.1468720813469858, -0.25215268304073746, -0.2570665808902406, -0.5216009831581446, -0.1423136133929641, -0.1410675995393959, -0.7221544455575646, -0.10806230738849276, -0.33280325827468865, 0.5337524871726095, -0.14600709871060533, -0.26893010711037996, -0.1534474453512897])
(1, '924', [-0.1468720813469858, 0.39363594409285746, -0.2570665808902406, -0.5216009831581446, -0.1423136133929641, -0.1410675995393959, -0.014130522732762819, -0.10806230738849276, -0.33280325827468865, 0.5337524871726095, -0.14600709871060533, 0.5693375009131779, -0.1534474453512897])
(1, '928', [-0.1468720813469858, -0.4674155587519358, -0.2570665808902406, -0.5216009831581446, -0.1423136133929641, -0.1410675995393959, -0.6000813554153573, -0.10806230738849276, -0.33280325827468865, 0.5337524871726095, -0.14600709871060533, -0.47849700911626936, -0.1534474453512897])
(1, '933', [-0.1468720813469858, 0.17837306838165914, -0.2570665808902406, -0.5216009831581446, -0.1423136133929641, -0.1410675995393959, 0.6136739408557313, -0.10806230738849276, -0.33280325827468865, 0.5337524871726095, -0.14600709871060533, 0.15020369690139898, -0.1534474453512897])
(1, '951', [-0.1468720813469858, 0.8241616955152541, -0.2570665808902406, -0.5216009831581446, -0.1423136133929641, -0.1410675995393959, -0.4675448575466753, -0.10806230738849276, -0.33280325827468865, 1.259568069455309, -0.14600709871060533, 0.7789044029190674, -0.1534474453512897])
(1, '955', [-0.1468720813469858, -0.03688980732953918, -0.2570665808902406, -0.5216009831581446, -0.1423136133929641, -0.1410675995393959, 0.23699126270263485, -0.10806230738849276, -0.33280325827468865, 0.5337524871726095, -0.14600709871060533, -0.05936320510449048, -0.1534474453512897])
(1, '960', [-0.1468720813469858, -0.25215268304073746, -0.2570665808902406, -0.5216009831581446, -0.1423136133929641, -0.1410675995393959, -0.6210081708683072, -0.10806230738849276, -0.33280325827468865, 0.5337524871726095, -0.14600709871060533, -0.26893010711037996, -0.1534474453512897])
(1, '961', [-0.1468720813469858, 0.17837306838165914, -0.2570665808902406, -0.5216009831581446, -0.1423136133929641, -0.1410675995393959, -0.6070569605663406, -0.10806230738849276, -0.33280325827468865, 0.5337524871726095, -0.14600709871060533, 0.15020369690139898, -0.1534474453512897])
(1, '979', [-0.1468720813469858, 0.17837306838165914, -0.2570665808902406, -0.5216009831581446, -0.1423136133929641, -0.1410675995393959, -0.3419839648289764, -0.10806230738849276, -0.33280325827468865, 0.5337524871726095, -0.14600709871060533, 0.15020369690139898, -0.1534474453512897])
(1, '982', [-0.1468720813469858, 0.17837306838165914, -0.2570665808902406, -0.5216009831581446, -0.1423136133929641, -0.1410675995393959, 0.26838148588205957, -0.10806230738849276, -0.33280325827468865, 0.5337524871726095, -0.14600709871060533, 0.15020369690139898, -0.1534474453512897])
(1, '992', [-0.1468720813469858, 0.17837306838165914, -0.2570665808902406, -0.5216009831581446, -0.1423136133929641, -0.1410675995393959, -0.19898405923381943, -0.10806230738849276, -0.33280325827468865, 1.259568069455309, -0.14600709871060533, 0.15020369690139898, -0.1534474453512897])
(1, '999', [-0.1468720813469858, 0.39363594409285746, -0.2570665808902406, -0.5216009831581446, -0.1423136133929641, -0.1410675995393959, -0.42917902921626727, -0.10806230738849276, -0.33280325827468865, 0.5337524871726095, -0.14600709871060533, 0.3597705989072884, -0.1534474453512897])
(1, '1014', [-0.1468720813469858, 0.8241616955152541, -0.2570665808902406, -0.5216009831581446, -0.1423136133929641, -0.1410675995393959, -0.5931057502643741, -0.10806230738849276, -0.33280325827468865, 1.259568069455309, -0.14600709871060533, 0.7789044029190674, -0.1534474453512897])
(1, '1015', [-0.1468720813469858, -0.03688980732953918, -0.2570665808902406, -0.5216009831581446, -0.1423136133929641, -0.1410675995393959, 0.617161743431223, -0.10806230738849276, -0.33280325827468865, 0.5337524871726095, -0.14600709871060533, 0.15020369690139898, -0.1534474453512897])
(1, '1022', [-0.1468720813469858, -0.25215268304073746, -0.2570665808902406, -0.5216009831581446, -0.1423136133929641, -0.1410675995393959, -0.537300909056508, -0.10806230738849276, -0.33280325827468865, 0.5337524871726095, -0.14600709871060533, -0.26893010711037996, -0.1534474453512897])
