(1, '1026', [-0.1468720813469858, 0.17837306838165914, -0.2570665808902406, -0.5216009831581446, -0.1423136133929641, -0.1410675995393959, -0.7256422481330562, -0.10806230738849276, -0.33280325827468865, 1.259568069455309, -0.14600709871060533, 0.15020369690139898, -0.1534474453512897])
(1, '1028', [-0.1468720813469858, -0.25215268304073746, -0.2570665808902406, -0.5216009831581446, -0.1423136133929641, -0.1410675995393959, -0.3908132008858593, -0.10806230738849276, -0.33280325827468865, 0.5337524871726095, -0.14600709871060533, -0.26893010711037996, -0.1534474453512897])
(1, '1029', [-0.1468720813469858, 0.6088988198040558, -0.2570665808902406, -0.5216009831581446, -0.1423136133929641, -0.1410675995393959, -0.42220342406528405, -0.10806230738849276, -0.33280325827468865, 0.5337524871726095, -0.14600709871060533, 0.5693375009131779, -0.1534474453512897])
(1, '1051', [-0.1468720813469858, -0.03688980732953918, -0.2570665808902406, -0.5216009831581446, -0.1423136133929641, -0.1410675995393959, -0.7291300507085479, -0.10806230738849276, -0.33280325827468865, 1.259568069455309, -0.14600709871060533, -0.05936320510449048, -0.1534474453512897])
(1, '1052', [-0.1468720813469858, 0.17837306838165914, -0.2570665808902406, -0.5216009831581446, -0.1423136133929641, -0.1410675995393959, 0.7078446103940055, -0.10806230738849276, -0.33280325827468865, 0.5337524871726095, -0.14600709871060533, 0.15020369690139898, -0.1534474453512897])
(1, '1053', [-0.1468720813469858, 0.8241616955152541, -0.2570665808902406, -0.5216009831581446, -0.1423136133929641, -0.1410675995393959, 0.14630839573985235, -0.10806230738849276, -0.33280325827468865, 0.5337524871726095, -0.14600709871060533, 0.7789044029190674, -0.1534474453512897])
(1, '1054', [-0.1468720813469858, 0.6088988198040558, -0.2570665808902406, -0.5216009831581446, -0.1423136133929641, -0.1410675995393959, -0.04203294333669589, -0.10806230738849276, -0.33280325827468865, 0.5337524871726095, -0.14600709871060533, 0.5693375009131779, -0.1534474453512897])
(1, '1059', [-0.1468720813469858, 0.8241616955152541, -0.2570665808902406, -0.5216009831581446, -0.1423136133929641, -0.1410675995393959, -0.7640080764634641, -0.10806230738849276, -0.33280325827468865, 1.259568069455309, -0.14600709871060533, 0.7789044029190674, -0.1534474453512897])
(1, '1065', [-0.1468720813469858, 0.6088988198040558, -0.2570665808902406, -0.5216009831581446, -0.1423136133929641, -0.1410675995393959, -0.17456944120537798, -0.10806230738849276, -0.33280325827468865, 0.5337524871726095, -0.14600709871060533, 0.5693375009131779, -0.1534474453512897])
(1, '1066', [-0.1468720813469858, 0.6088988198040558, -0.2570665808902406, -0.5216009831581446, -0.1423136133929641, -0.1410675995393959, -0.5198618961790498, -0.10806230738849276, -0.33280325827468865, 1.259568069455309, -0.14600709871060533, 0.5693375009131779, -0.1534474453512897])
(1, '1072', [-0.1468720813469858, 0.17837306838165914, -0.2570665808902406, -0.5216009831581446, -0.1423136133929641, -0.1410675995393959, -0.15015482317693654, -0.10806230738849276, -0.33280325827468865, 0.5337524871726095, -0.14600709871060533, 0.15020369690139898, -0.1534474453512897])
(1, '1074', [-0.1468720813469858, -0.03688980732953918, -0.2570665808902406, -0.5216009831581446, -0.1423136133929641, -0.1410675995393959, -0.21293526953578598, -0.10806230738849276, -0.33280325827468865, 0.5337524871726095, -0.14600709871060533, -0.05936320510449048, -0.1534474453512897])
(1, '1082', [-0.1468720813469858, -0.03688980732953918, -0.2570665808902406, -0.5216009831581446, -0.1423136133929641, -0.1410675995393959, 0.2614058807310763, -0.10806230738849276, -0.33280325827468865, 0.5337524871726095, -0.14600709871060533, -0.05936320510449048, -0.1534474453512897])
(1, '1085', [-0.1468720813469858, -0.25215268304073746, -0.2570665808902406, -0.5216009831581446, -0.1423136133929641, -0.1410675995393959, -0.6175203682928155, -0.10806230738849276, -0.33280325827468865, 1.259568069455309, -0.14600709871060533, -0.26893010711037996, -0.1534474453512897])
(1, '1092', [-0.1468720813469858, -0.03688980732953918, -0.2570665808902406, -0.5216009831581446, -0.1423136133929641, -0.1410675995393959, -0.6733252095006816, -0.10806230738849276, -0.33280325827468865, 0.5337524871726095, -0.14600709871060533, -0.05936320510449048, -0.1534474453512897])
(1, '1098', [-0.1468720813469858, 0.6088988198040558, -0.2570665808902406, -0.5216009831581446, -0.1423136133929641, -0.1410675995393959, 0.03469871332412006, -0.10806230738849276, -0.33280325827468865, 0.5337524871726095, -0.14600709871060533, 0.5693375009131779, -0.1534474453512897])
(1, '1101', [-0.1468720813469858, 0.39363594409285746, -0.2570665808902406, -0.5216009831581446, -0.1423136133929641, -0.1410675995393959, -0.5128862910280665, -0.10806230738849276, -0.33280325827468865, 0.5337524871726095, -0.14600709871060533, 0.3597705989072884, -0.1534474453512897])
(1, '1110', [-0.1468720813469858, 0.17837306838165914, -0.2570665808902406, -0.5216009831581446, -0.1423136133929641, -0.1410675995393959, -0.3105937416495517, -0.10806230738849276, -0.33280325827468865, 0.5337524871726095, -0.14600709871060533, 0.15020369690139898, -0.1534474453512897])
(1, '1122', [-0.1468720813469858, 0.39363594409285746, -0.2570665808902406, -0.5216009831581446, -0.1423136133929641, -0.1410675995393959, -0.3350083596779932, -0.10806230738849276, -0.33280325827468865, 0.5337524871726095, -0.14600709871060533, 0.3597705989072884, -0.1534474453512897])
(1, '1126', [-0.1468720813469858, -0.25215268304073746, -0.2570665808902406, -0.5216009831581446, -0.1423136133929641, -0.1410675995393959, -0.4884716729996251, -0.10806230738849276, -0.33280325827468865, 0.5337524871726095, -0.14600709871060533, -0.05936320510449048, -0.1534474453512897])
(1, '1131', [-0.1468720813469858, 0.39363594409285746, -0.2570665808902406, -0.5216009831581446, -0.1423136133929641, -0.1410675995393959, -0.3071059390740601, -0.10806230738849276, -0.33280325827468865, 1.259568069455309, -0.14600709871060533, 0.3597705989072884, -0.1534474453512897])
(1, '1135', [-0.1468720813469858, 0.39363594409285746, -0.2570665808902406, -0.5216009831581446, -0.1423136133929641, -0.1410675995393959, -0.5826423425378991, -0.10806230738849276, -0.33280325827468865, 0.5337524871726095, -0.14600709871060533, 0.3597705989072884, -0.1534474453512897])
(1, '1137', [-0.1468720813469858, -0.03688980732953918, -0.2570665808902406, -0.5216009831581446, -0.1423136133929641, -0.1410675995393959, -0.1431792180259533, -0.10806230738849276, -0.33280325827468865, 0.5337524871726095, -0.14600709871060533, -0.05936320510449048, -0.1534474453512897])
(1, '1140', [-0.1468720813469858, 0.39363594409285746, -0.2570665808902406, -0.5216009831581446, -0.1423136133929641, -0.1410675995393959, -0.7151788404065813, -0.10806230738849276, -0.33280325827468865, 0.5337524871726095, -0.14600709871060533, 0.3597705989072884, -0.1534474453512897])
(1, '1147', [-0.012774424010391503, 0.39363594409285746, 0.2872451549541963, -0.5216009831581446, -0.1423136133929641, -0.1410675995393959, 0.5822837176763066, -0.10806230738849276, 1.4517417806901278, 0.5337524871726095, -0.013411088407656951, 0.5693375009131779, -0.1534474453512897])
(1, '1149', [-0.1468720813469858, 0.17837306838165914, -0.2570665808902406, -0.5216009831581446, -0.1423136133929641, -0.1410675995393959, -0.383837595734876, -0.10806230738849276, -0.33280325827468865, 0.5337524871726095, -0.14600709871060533, 0.15020369690139898, -0.1534474453512897])
(1, '1172', [-0.1468720813469858, 0.8241616955152541, -0.2570665808902406, -0.5216009831581446, -0.1423136133929641, -0.1410675995393959, 0.13933279058886908, -0.10806230738849276, -0.33280325827468865, 0.5337524871726095, -0.14600709871060533, 0.7789044029190674, -0.1534474453512897])
(1, '1176', [-0.1468720813469858, 0.39363594409285746, -0.2570665808902406, -0.5216009831581446, -0.1423136133929641, -0.1410675995393959, -0.7884226944919056, -0.10806230738849276, -0.33280325827468865, 0.5337524871726095, -0.14600709871060533, 0.3597705989072884, -0.1534474453512897])
(1, '1177', [-0.1468720813469858, 0.17837306838165914, -0.2570665808902406, -0.5216009831581446, -0.1423136133929641, -0.1410675995393959, -0.0838865742425955, -0.10806230738849276, -0.33280325827468865, 0.5337524871726095, -0.14600709871060533, 0.3597705989072884, -0.1534474453512897])
(1, '1179', [-0.1468720813469858, -0.25215268304073746, -0.2570665808902406, -0.5216009831581446, -0.1423136133929641, -0.1410675995393959, -0.4710326601221669, -0.10806230738849276, -0.33280325827468865, 0.5337524871726095, -0.14600709871060533, -0.26893010711037996, -0.1534474453512897])
(1, '1182', [-0.1468720813469858, 0.8241616955152541, -0.2570665808902406, -0.5216009831581446, -0.1423136133929641, -0.1410675995393959, -0.6558861966232236, -0.10806230738849276, -0.33280325827468865, 1.259568069455309, -0.14600709871060533, 0.7789044029190674, -0.1534474453512897])
(1, '1183', [-0.1468720813469858, -0.4674155587519358, -0.2570665808902406, -0.5216009831581446, -0.1423136133929641, -0.1410675995393959, -0.3977888060368426, -0.10806230738849276, -0.33280325827468865, 0.5337524871726095, -0.14600709871060533, -0.26893010711037996, -0.1534474453512897])
(1, '1201', [-0.1468720813469858, 0.8241616955152541, -0.2570665808902406, -0.5216009831581446, -0.1423136133929641, -0.1410675995393959, -0.5826423425378991, -0.10806230738849276, -0.33280325827468865, 1.259568069455309, -0.14600709871060533, 0.7789044029190674, -0.1534474453512897])
(1, '1204', [-0.1468720813469858, -0.25215268304073746, -0.2570665808902406, -0.5216009831581446, -0.1423136133929641, -0.1410675995393959, -0.16759383605439473, -0.10806230738849276, -0.33280325827468865, 0.5337524871726095, -0.14600709871060533, -0.26893010711037996, -0.1534474453512897])
(1, '1207', [-0.1468720813469858, -0.4674155587519358, -0.2570665808902406, -0.5216009831581446, -0.1423136133929641, -0.1410675995393959, -0.5617155270849494, -0.10806230738849276, -0.33280325827468865, 0.5337524871726095, -0.14600709871060533, -0.47849700911626936, -0.1534474453512897])
(1, '1208', [-0.1468720813469858, -0.03688980732953918, -0.2570665808902406, -0.5216009831581446, -0.1423136133929641, -0.1410675995393959, -0.19200845408283618, -0.10806230738849276, -0.33280325827468865, 0.5337524871726095, -0.14600709871060533, -0.05936320510449048, -0.1534474453512897])
(1, '1215', [-0.1468720813469858, -0.03688980732953918, -0.2570665808902406, -0.5216009831581446, -0.1423136133929641, -0.1410675995393959, -0.28269132104561867, -0.10806230738849276, -0.33280325827468865, 0.5337524871726095, -0.14600709871060533, -0.05936320510449048, -0.1534474453512897])
(1, '1217', [-0.1468720813469858, -0.03688980732953918, -0.2570665808902406, -0.5216009831581446, -0.1423136133929641, -0.1410675995393959, -0.5303253039055247, -0.10806230738849276, -0.33280325827468865, 0.5337524871726095, -0.14600709871060533, -0.05936320510449048, -0.1534474453512897])
(1, '1227', [-0.1468720813469858, 0.6088988198040558, -0.2570665808902406, -0.5216009831581446, -0.1423136133929641, -0.1410675995393959, 0.9066493571970285, -0.10806230738849276, -0.33280325827468865, 0.5337524871726095, -0.14600709871060533, 0.5693375009131779, -0.1534474453512897])
(1, '1230', [-0.1468720813469858, 0.8241616955152541, -0.2570665808902406, -0.5216009831581446, -0.1423136133929641, -0.1410675995393959, -0.3768619905838928, -0.10806230738849276, -0.33280325827468865, 1.259568069455309, -0.14600709871060533, 0.7789044029190674, -0.1534474453512897])
(1, '1236', [-0.1468720813469858, 0.39363594409285746, -0.2570665808902406, -0.5216009831581446, -0.1423136133929641, -0.1410675995393959, -0.7570324713124809, -0.10806230738849276, -0.33280325827468865, 1.259568069455309, -0.14600709871060533, 0.5693375009131779, -0.1534474453512897])
(1, '1242', [-0.1468720813469858, 0.17837306838165914, -0.2570665808902406, -0.5216009831581446, -0.1423136133929641, -0.1410675995393959, -0.021106127883746086, -0.10806230738849276, -0.33280325827468865, 1.259568069455309, -0.14600709871060533, 0.3597705989072884, -0.1534474453512897])
(1, '1245', [-0.1468720813469858, 1.0394245712264523, -0.2570665808902406, -0.5216009831581446, -0.1423136133929641, -0.1410675995393959, -0.6907642223781398, -0.10806230738849276, -0.33280325827468865, 0.5337524871726095, -0.14600709871060533, 0.9884713049249568, -0.1534474453512897])
(1, '1260', [-0.1468720813469858, -0.03688980732953918, -0.2570665808902406, -0.5216009831581446, -0.1423136133929641, -0.1410675995393959, 0.20908884209870177, -0.10806230738849276, -0.33280325827468865, 0.5337524871726095, -0.14600709871060533, 0.15020369690139898, -0.1534474453512897])
(1, '1268', [-0.1468720813469858, 0.39363594409285746, -0.2570665808902406, -0.5216009831581446, -0.1423136133929641, -0.1410675995393959, -0.784934891916414, -0.10806230738849276, -0.33280325827468865, 1.259568069455309, -0.14600709871060533, 0.3597705989072884, -0.1534474453512897])
(1, '1274', [-0.1468720813469858, 0.6088988198040558, -0.2570665808902406, -0.5216009831581446, -0.1423136133929641, -0.1410675995393959, -0.5338131064810163, -0.10806230738849276, -0.33280325827468865, 0.5337524871726095, -0.14600709871060533, 0.5693375009131779, -0.1534474453512897])
(1, '1275', [-0.1468720813469858, 0.17837306838165914, -0.2570665808902406, -0.5216009831581446, -0.1423136133929641, -0.1410675995393959, -0.4431302395182338, -0.10806230738849276, -0.33280325827468865, 0.5337524871726095, -0.14600709871060533, 0.15020369690139898, -0.1534474453512897])
(1, '1276', [-0.1468720813469858, 0.17837306838165914, -0.2570665808902406, -0.5216009831581446, -0.1423136133929641, -0.1410675995393959, -0.3071059390740601, -0.10806230738849276, -0.33280325827468865, 0.5337524871726095, -0.14600709871060533, 0.15020369690139898, -0.1534474453512897])
(1, '1280', [-0.1468720813469858, 0.17837306838165914, -0.2570665808902406, -0.5216009831581446, -0.1423136133929641, -0.1410675995393959, -0.15015482317693654, -0.10806230738849276, -0.33280325827468865, 0.5337524871726095, -0.14600709871060533, 0.15020369690139898, -0.1534474453512897])
(1, '1282', [-0.012774424010391503, -0.25215268304073746, 0.2872451549541963, -0.5216009831581446, -0.1423136133929641, -0.1410675995393959, -0.41174001633880913, -0.10806230738849276, 1.4517417806901278, 0.5337524871726095, -0.013411088407656951, -0.26893010711037996, -0.1534474453512897])
(1, '1285', [-0.1468720813469858, 0.8241616955152541, -0.2570665808902406, -0.5216009831581446, -0.1423136133929641, -0.1410675995393959, -0.5303253039055247, -0.10806230738849276, -0.33280325827468865, 0.5337524871726095, -0.14600709871060533, 0.7789044029190674, -0.1534474453512897])
(1, '1289', [-0.1468720813469858, 0.39363594409285746, -0.2570665808902406, -0.5216009831581446, -0.1423136133929641, -0.1410675995393959, 0.25791807815558465, -0.10806230738849276, -0.33280325827468865, 1.259568069455309, -0.14600709871060533, 0.3597705989072884, -0.1534474453512897])
(1, '1291', [-0.1468720813469858, -0.25215268304073746, -0.2570665808902406, -0.5216009831581446, -0.1423136133929641, -0.1410675995393959, -0.6942520249536315, -0.10806230738849276, -0.33280325827468865, 0.5337524871726095, -0.14600709871060533, -0.26893010711037996, -0.1534474453512897])
(1, '1295', [-0.1468720813469858, 0.6088988198040558, -0.2570665808902406, -0.5216009831581446, -0.1423136133929641, -0.1410675995393959, 0.32418632708992573, -0.10806230738849276, -0.33280325827468865, 1.259568069455309, -0.14600709871060533, 0.5693375009131779, -0.1534474453512897])
(1, '1296', [-0.1468720813469858, -0.4674155587519358, -0.2570665808902406, -0.5216009831581446, -0.1423136133929641, -0.1410675995393959, -0.7291300507085479, -0.10806230738849276, -0.33280325827468865, 0.5337524871726095, -0.14600709871060533, -0.47849700911626936, -0.1534474453512897])
(1, '1297', [-0.1468720813469858, 0.17837306838165914, -0.2570665808902406, -0.5216009831581446, -0.1423136133929641, -0.1410675995393959, -0.13620361287497001, -0.10806230738849276, -0.33280325827468865, 0.5337524871726095, -0.14600709871060533, 0.15020369690139898, -0.1534474453512897])
(1, '1299', [-0.1468720813469858, 0.17837306838165914, -0.2570665808902406, -0.5216009831581446, -0.1423136133929641, -0.1410675995393959, -0.16759383605439473, -0.10806230738849276, -0.33280325827468865, 0.5337524871726095, -0.14600709871060533, 0.15020369690139898, -0.1534474453512897])
(1, '1303', [-0.1468720813469858, -0.25215268304073746, -0.2570665808902406, -0.5216009831581446, -0.1423136133929641, -0.1410675995393959, -0.7570324713124809, -0.10806230738849276, -0.33280325827468865, 0.5337524871726095, -0.14600709871060533, -0.26893010711037996, -0.1534474453512897])
(1, '1304', [-0.1468720813469858, 0.8241616955152541, -0.2570665808902406, -0.5216009831581446, -0.1423136133929641, -0.1410675995393959, 0.2788448936085345, -0.10806230738849276, -0.33280325827468865, 0.5337524871726095, -0.14600709871060533, 0.7789044029190674, -0.1534474453512897])
(1, '1306', [-0.1468720813469858, -0.03688980732953918, -0.2570665808902406, -0.5216009831581446, -0.1423136133929641, -0.1410675995393959, -0.010642720157271185, -0.10806230738849276, -0.33280325827468865, 0.5337524871726095, -0.14600709871060533, -0.05936320510449048, -0.1534474453512897])
(1, '1310', [-0.1468720813469858, -0.03688980732953918, -0.2570665808902406, -0.5216009831581446, -0.1423136133929641, -0.1410675995393959, -0.6314715785947821, -0.10806230738849276, -0.33280325827468865, 0.5337524871726095, -0.14600709871060533, -0.05936320510449048, -0.1534474453512897])
(1, '1314', [-0.1468720813469858, 0.8241616955152541, -0.2570665808902406, -0.5216009831581446, -0.1423136133929641, -0.1410675995393959, 0.3276741296654173, -0.10806230738849276, -0.33280325827468865, 0.5337524871726095, -0.14600709871060533, 0.7789044029190674, -0.1534474453512897])
(1, '1316', [-0.1468720813469858, -0.25215268304073746, -0.2570665808902406, -0.5216009831581446, -0.1423136133929641, -0.1410675995393959, -0.6000813554153573, -0.10806230738849276, -0.33280325827468865, 0.5337524871726095, -0.14600709871060533, -0.26893010711037996, -0.1534474453512897])
(1, '1326', [-0.1468720813469858, 0.39363594409285746, -0.2570665808902406, -0.5216009831581446, -0.1423136133929641, -0.1410675995393959, -0.1850328489318529, -0.10806230738849276, -0.33280325827468865, 1.259568069455309, -0.14600709871060533, 0.3597705989072884, -0.1534474453512897])
(1, '1329', [-0.1468720813469858, 0.17837306838165914, -0.2570665808902406, -0.5216009831581446, -0.1423136133929641, -0.1410675995393959, -0.17805724378086962, -0.10806230738849276, -0.33280325827468865, 0.5337524871726095, -0.14600709871060533, 0.15020369690139898, -0.1534474453512897])
(1, '1336', [-0.1468720813469858, -0.25215268304073746, -0.2570665808902406, -0.5216009831581446, -0.1423136133929641, -0.1410675995393959, -0.00017931243079628183, -0.10806230738849276, -0.33280325827468865, 0.5337524871726095, -0.14600709871060533, -0.26893010711037996, -0.1534474453512897])
(1, '1345', [-0.1468720813469858, -0.03688980732953918, -0.2570665808902406, -0.5216009831581446, -0.1423136133929641, -0.1410675995393959, 0.16723521119280216, -0.10806230738849276, -0.33280325827468865, 0.5337524871726095, -0.14600709871060533, -0.05936320510449048, -0.1534474453512897])
(1, '1357', [-0.1468720813469858, -0.03688980732953918, -0.2570665808902406, -0.5216009831581446, -0.1423136133929641, -0.1410675995393959, 0.05213772620157823, -0.10806230738849276, -0.33280325827468865, 0.5337524871726095, -0.14600709871060533, -0.05936320510449048, -0.1534474453512897])
(1, '1363', [-0.1468720813469858, 0.6088988198040558, -0.2570665808902406, -0.5216009831581446, -0.1423136133929641, -0.1410675995393959, -0.7326178532840395, -0.10806230738849276, -0.33280325827468865, 1.9853836517380086, -0.14600709871060533, 0.5693375009131779, -0.1534474453512897])
(1, '1379', [-0.1468720813469858, -0.03688980732953918, -0.2570665808902406, -0.5216009831581446, -0.1423136133929641, -0.1410675995393959, -0.3594229777064346, -0.10806230738849276, -0.33280325827468865, 0.5337524871726095, -0.14600709871060533, 0.15020369690139898, -0.1534474453512897])
(1, '1382', [-0.1468720813469858, 0.17837306838165914, -0.2570665808902406, -0.5216009831581446, -0.1423136133929641, -0.1410675995393959, -0.641934986321257, -0.10806230738849276, -0.33280325827468865, 0.5337524871726095, -0.14600709871060533, 0.15020369690139898, -0.1534474453512897])
(1, '1391', [-0.1468720813469858, 0.17837306838165914, -0.2570665808902406, -0.5216009831581446, -0.1423136133929641, -0.1410675995393959, 0.49857645586450744, -0.10806230738849276, -0.33280325827468865, 0.5337524871726095, -0.14600709871060533, 0.15020369690139898, -0.1534474453512897])
(1, '1392', [-0.1468720813469858, -0.25215268304073746, -0.2570665808902406, -0.5216009831581446, -0.1423136133929641, -0.1410675995393959, -0.4814960678486418, -0.10806230738849276, -0.33280325827468865, 0.5337524871726095, -0.14600709871060533, -0.26893010711037996, -0.1534474453512897])
(1, '1395', [-0.1468720813469858, -0.4674155587519358, -0.2570665808902406, -0.5216009831581446, -0.1423136133929641, -0.1410675995393959, -0.7326178532840395, -0.10806230738849276, -0.33280325827468865, 0.5337524871726095, -0.14600709871060533, -0.47849700911626936, -0.1534474453512897])
(1, '1400', [-0.1468720813469858, -0.25215268304073746, -0.2570665808902406, -0.5216009831581446, -0.1423136133929641, -0.1410675995393959, -0.13969141545046165, -0.10806230738849276, -0.33280325827468865, 0.5337524871726095, -0.14600709871060533, -0.05936320510449048, -0.1534474453512897])
(1, '1402', [-0.1468720813469858, -0.03688980732953918, -0.2570665808902406, -0.5216009831581446, -0.1423136133929641, -0.1410675995393959, -0.10830119227103695, -0.10806230738849276, -0.33280325827468865, 0.5337524871726095, -0.14600709871060533, -0.05936320510449048, -0.1534474453512897])
(1, '1403', [-0.1468720813469858, -0.4674155587519358, -0.2570665808902406, -0.5216009831581446, -0.1423136133929641, -0.1410675995393959, -0.6663496043496984, -0.10806230738849276, -0.33280325827468865, 0.5337524871726095, -0.14600709871060533, -0.47849700911626936, -0.1534474453512897])
(1, '1409', [-0.1468720813469858, 0.6088988198040558, -0.2570665808902406, -0.5216009831581446, -0.1423136133929641, -0.1410675995393959, -0.641934986321257, -0.10806230738849276, -0.33280325827468865, 1.259568069455309, -0.14600709871060533, 0.5693375009131779, -0.1534474453512897])
(1, '1411', [-0.1468720813469858, -0.03688980732953918, -0.2570665808902406, -0.5216009831581446, -0.1423136133929641, -0.1410675995393959, 0.10096696225846111, -0.10806230738849276, -0.33280325827468865, 0.5337524871726095, -0.14600709871060533, -0.05936320510449048, -0.1534474453512897])
(1, '1414', [-0.1468720813469858, 0.6088988198040558, -0.2570665808902406, -0.5216009831581446, -0.1423136133929641, -0.1410675995393959, 0.29977170906148426, -0.10806230738849276, -0.33280325827468865, 0.5337524871726095, -0.14600709871060533, 0.7789044029190674, -0.1534474453512897])
(1, '1419', [0.0319247951018066, 0.39363594409285746, 0.46868240023567526, -0.5216009831581446, -0.1423136133929641, -0.1410675995393959, 0.20908884209870177, -0.10806230738849276, 1.4517417806901278, 0.5337524871726095, 0.03078758169332584, 0.3597705989072884, -0.1534474453512897])
(1, '1420', [0.0319247951018066, 0.39363594409285746, 0.46868240023567526, -0.5216009831581446, -0.1423136133929641, -0.1410675995393959, -0.4396424369427422, -0.10806230738849276, 1.4517417806901278, 0.5337524871726095, 0.03078758169332584, 0.3597705989072884, -0.1534474453512897])
(1, '1424', [-0.1468720813469858, -0.03688980732953918, -0.2570665808902406, -0.5216009831581446, -0.1423136133929641, -0.1410675995393959, -0.26176450559266884, -0.10806230738849276, -0.33280325827468865, 1.259568069455309, -0.14600709871060533, -0.05936320510449048, -0.1534474453512897])
(1, '1434', [-0.1468720813469858, 0.17837306838165914, -0.2570665808902406, -0.5216009831581446, -0.1423136133929641, -0.1410675995393959, -0.48498387042413343, -0.10806230738849276, -0.33280325827468865, -0.19206309511009, -0.14600709871060533, 0.15020369690139898, -0.1534474453512897])
(1, '1435', [-0.1468720813469858, 0.17837306838165914, -0.2570665808902406, -0.5216009831581446, -0.1423136133929641, -0.1410675995393959, -0.7151788404065813, -0.10806230738849276, -0.33280325827468865, 1.259568069455309, -0.14600709871060533, 0.15020369690139898, -0.1534474453512897])
(1, '1437', [-0.1468720813469858, 0.39363594409285746, -0.2570665808902406, -0.5216009831581446, -0.1423136133929641, -0.1410675995393959, -0.4675448575466753, -0.10806230738849276, -0.33280325827468865, 0.5337524871726095, -0.14600709871060533, 0.5693375009131779, -0.1534474453512897])
(1, '1439', [-0.1468720813469858, 0.6088988198040558, -0.2570665808902406, -0.5216009831581446, -0.1423136133929641, -0.1410675995393959, -0.26176450559266884, -0.10806230738849276, -0.33280325827468865, 1.259568069455309, -0.14600709871060533, 0.5693375009131779, -0.1534474453512897])
(1, '1447', [-0.1468720813469858, 0.39363594409285746, -0.2570665808902406, -0.5216009831581446, -0.1423136133929641, -0.1410675995393959, -0.13969141545046165, -0.10806230738849276, -0.33280325827468865, 1.259568069455309, -0.14600709871060533, 0.3597705989072884, -0.1534474453512897])
(1, '1452', [-0.1468720813469858, -0.03688980732953918, -0.2570665808902406, -0.5216009831581446, -0.1423136133929641, -0.1410675995393959, -0.5721789348114243, -0.10806230738849276, -0.33280325827468865, 0.5337524871726095, -0.14600709871060533, -0.05936320510449048, -0.1534474453512897])
(1, '1454', [-0.1468720813469858, -0.4674155587519358, -0.2570665808902406, -0.5216009831581446, -0.1423136133929641, -0.1410675995393959, -0.5512521193584745, -0.10806230738849276, -0.33280325827468865, 0.5337524871726095, -0.14600709871060533, -0.47849700911626936, -0.1534474453512897])
(1, '1477', [-0.1468720813469858, -0.25215268304073746, -0.2570665808902406, -0.5216009831581446, -0.1423136133929641, -0.1410675995393959, -0.26176450559266884, -0.10806230738849276, -0.33280325827468865, 0.5337524871726095, -0.14600709871060533, -0.26893010711037996, -0.1534474453512897])
(1, '1478', [-0.1468720813469858, 0.39363594409285746, -0.2570665808902406, -0.5216009831581446, -0.1423136133929641, -0.1410675995393959, 0.30674731421246754, -0.10806230738849276, -0.33280325827468865, 0.5337524871726095, -0.14600709871060533, 0.3597705989072884, -0.1534474453512897])
(1, '1484', [-0.1468720813469858, 0.17837306838165914, -0.2570665808902406, -0.5216009831581446, -0.1423136133929641, -0.1410675995393959, -0.46405705497118366, -0.10806230738849276, -0.33280325827468865, 1.259568069455309, -0.14600709871060533, 0.15020369690139898, -0.1534474453512897])
(1, '1493', [-0.1468720813469858, -0.03688980732953918, -0.2570665808902406, -0.5216009831581446, -0.1423136133929641, -0.1410675995393959, 0.254430275580093, -0.10806230738849276, -0.33280325827468865, 0.5337524871726095, -0.14600709871060533, 0.5693375009131779, -0.1534474453512897])
(1, '1494', [-0.1468720813469858, 0.17837306838165914, -0.2570665808902406, -0.5216009831581446, -0.1423136133929641, -0.1410675995393959, -0.7500568661614977, -0.10806230738849276, -0.33280325827468865, 1.259568069455309, -0.14600709871060533, 0.15020369690139898, -0.1534474453512897])
(1, '1496', [-0.1468720813469858, 0.39363594409285746, -0.2570665808902406, -0.5216009831581446, -0.1423136133929641, -0.1410675995393959, -0.17805724378086962, -0.10806230738849276, -0.33280325827468865, 0.5337524871726095, -0.14600709871060533, 0.3597705989072884, -0.1534474453512897])
(1, '1499', [-0.1468720813469858, -0.25215268304073746, -0.2570665808902406, -0.5216009831581446, -0.1423136133929641, -0.1410675995393959, -0.5721789348114243, -0.10806230738849276, -0.33280325827468865, 0.5337524871726095, -0.14600709871060533, -0.26893010711037996, -0.1534474453512897])
(1, '1501', [-0.1468720813469858, -0.03688980732953918, -0.2570665808902406, -0.5216009831581446, -0.1423136133929641, -0.1410675995393959, -0.6837886172271566, -0.10806230738849276, -0.33280325827468865, 1.259568069455309, -0.14600709871060533, -0.05936320510449048, -0.1534474453512897])
(1, '1502', [-0.1468720813469858, 0.39363594409285746, -0.2570665808902406, -0.5216009831581446, -0.1423136133929641, -0.1410675995393959, -0.21293526953578598, -0.10806230738849276, -0.33280325827468865, 1.9853836517380086, -0.14600709871060533, 0.3597705989072884, -0.1534474453512897])
(1, '1507', [-0.1468720813469858, 0.17837306838165914, -0.2570665808902406, -0.5216009831581446, -0.1423136133929641, -0.1410675995393959, -0.29315472877209353, -0.10806230738849276, -0.33280325827468865, 0.5337524871726095, -0.14600709871060533, 0.15020369690139898, -0.1534474453512897])
(1, '1509', [-0.1468720813469858, 0.17837306838165914, -0.2570665808902406, -0.5216009831581446, -0.1423136133929641, -0.1410675995393959, -0.15015482317693654, -0.10806230738849276, -0.33280325827468865, 1.259568069455309, -0.14600709871060533, 0.15020369690139898, -0.1534474453512897])
(1, '1514', [-0.1468720813469858, -0.4674155587519358, -0.2570665808902406, -0.5216009831581446, -0.1423136133929641, -0.1410675995393959, -0.6872764198026482, -0.10806230738849276, -0.33280325827468865, 0.5337524871726095, -0.14600709871060533, -0.47849700911626936, -0.1534474453512897])
(1, '1523', [-0.1468720813469858, -0.03688980732953918, -0.2570665808902406, -0.5216009831581446, -0.1423136133929641, -0.1410675995393959, -0.03156953561022099, -0.10806230738849276, -0.33280325827468865, 0.5337524871726095, -0.14600709871060533, 0.15020369690139898, -0.1534474453512897])
(1, '1534', [-0.1468720813469858, 0.8241616955152541, -0.2570665808902406, -0.5216009831581446, -0.1423136133929641, -0.1410675995393959, 0.34860094511836714, -0.10806230738849276, -0.33280325827468865, 0.5337524871726095, -0.14600709871060533, 0.7789044029190674, -0.1534474453512897])
(1, '1536', [-0.1468720813469858, -0.03688980732953918, -0.2570665808902406, -0.5216009831581446, -0.1423136133929641, -0.1410675995393959, -0.6628618017742068, -0.10806230738849276, -0.33280325827468865, 0.5337524871726095, -0.14600709871060533, -0.05936320510449048, -0.1534474453512897])
(1, '1539', [-0.1468720813469858, 0.6088988198040558, -0.2570665808902406, -0.5216009831581446, -0.1423136133929641, -0.1410675995393959, -0.44661804209372546, -0.10806230738849276, -0.33280325827468865, 0.5337524871726095, -0.14600709871060533, 0.5693375009131779, -0.1534474453512897])
(1, '1549', [-0.1468720813469858, -0.03688980732953918, -0.2570665808902406, -0.5216009831581446, -0.1423136133929641, -0.1410675995393959, 0.12189377771141091, -0.10806230738849276, -0.33280325827468865, 0.5337524871726095, -0.14600709871060533, -0.05936320510449048, -0.1534474453512897])
(1, '1550', [-0.1468720813469858, 0.17837306838165914, -0.2570665808902406, -0.5216009831581446, -0.1423136133929641, -0.1410675995393959, -0.5303253039055247, -0.10806230738849276, -0.33280325827468865, 1.259568069455309, -0.14600709871060533, 0.15020369690139898, -0.1534474453512897])
(1, '1551', [-0.1468720813469858, 0.39363594409285746, -0.2570665808902406, -0.5216009831581446, -0.1423136133929641, -0.1410675995393959, 0.10445476483395275, -0.10806230738849276, -0.33280325827468865, 0.5337524871726095, -0.14600709871060533, 0.3597705989072884, -0.1534474453512897])
(1, '1552', [-0.1468720813469858, 0.6088988198040558, -0.2570665808902406, -0.5216009831581446, -0.1423136133929641, -0.1410675995393959, -0.5338131064810163, -0.10806230738849276, -0.33280325827468865, 0.5337524871726095, -0.14600709871060533, 0.7789044029190674, -0.1534474453512897])
(1, '1554', [-0.1468720813469858, 0.17837306838165914, -0.2570665808902406, -0.5216009831581446, -0.1423136133929641, -0.1410675995393959, -0.6837886172271566, -0.10806230738849276, -0.33280325827468865, 0.5337524871726095, -0.14600709871060533, 0.15020369690139898, -0.1534474453512897])
(1, '1556', [-0.1468720813469858, -0.25215268304073746, -0.2570665808902406, -0.5216009831581446, -0.1423136133929641, -0.1410675995393959, -0.6628618017742068, -0.10806230738849276, -0.33280325827468865, 0.5337524871726095, -0.14600709871060533, -0.26893010711037996, -0.1534474453512897])
(1, '1558', [-0.1468720813469858, -0.25215268304073746, -0.2570665808902406, -0.5216009831581446, -0.1423136133929641, -0.1410675995393959, -0.11876459999751185, -0.10806230738849276, -0.33280325827468865, 0.5337524871726095, -0.14600709871060533, -0.26893010711037996, -0.1534474453512897])
(1, '1559', [-0.1468720813469858, 0.6088988198040558, -0.2570665808902406, -0.5216009831581446, -0.1423136133929641, -0.1410675995393959, -0.7256422481330562, -0.10806230738849276, -0.33280325827468865, 0.5337524871726095, -0.14600709871060533, 0.5693375009131779, -0.1534474453512897])
(1, '1560', [-0.1468720813469858, 0.17837306838165914, -0.2570665808902406, -0.5216009831581446, -0.1423136133929641, -0.1410675995393959, -0.6105447631418323, -0.10806230738849276, -0.33280325827468865, 0.5337524871726095, -0.14600709871060533, 0.3597705989072884, -0.1534474453512897])
(1, '1564', [-0.1468720813469858, -0.4674155587519358, -0.2570665808902406, -0.5216009831581446, -0.1423136133929641, -0.1410675995393959, -0.5512521193584745, -0.10806230738849276, -0.33280325827468865, 0.5337524871726095, -0.14600709871060533, -0.47849700911626936, -0.1534474453512897])
(1, '1568', [-0.1468720813469858, -0.03688980732953918, -0.2570665808902406, -0.5216009831581446, -0.1423136133929641, -0.1410675995393959, -0.3768619905838928, -0.10806230738849276, -0.33280325827468865, 0.5337524871726095, -0.14600709871060533, -0.05936320510449048, -0.1534474453512897])
(1, '1569', [-0.1468720813469858, 0.6088988198040558, -0.2570665808902406, -0.5216009831581446, -0.1423136133929641, -0.1410675995393959, -0.03156953561022099, -0.10806230738849276, -0.33280325827468865, 0.5337524871726095, -0.14600709871060533, 0.5693375009131779, -0.1534474453512897])
(1, '1583', [-0.1468720813469858, 0.39363594409285746, -0.2570665808902406, -0.5216009831581446, -0.1423136133929641, -0.1410675995393959, -0.04552074591218753, -0.10806230738849276, -0.33280325827468865, 1.259568069455309, -0.14600709871060533, 0.3597705989072884, -0.1534474453512897])
(1, '1591', [-0.1468720813469858, 0.39363594409285746, -0.2570665808902406, -0.5216009831581446, -0.1423136133929641, -0.1410675995393959, -0.13271581029947838, -0.10806230738849276, -0.33280325827468865, 0.5337524871726095, -0.14600709871060533, 0.3597705989072884, -0.1534474453512897])
(1, '1592', [-0.1468720813469858, 0.17837306838165914, -0.2570665808902406, -0.5216009831581446, -0.1423136133929641, -0.1410675995393959, -0.784934891916414, -0.10806230738849276, -0.33280325827468865, 0.5337524871726095, -0.14600709871060533, 0.15020369690139898, -0.1534474453512897])
(1, '1595', [-0.1468720813469858, 0.6088988198040558, -0.2570665808902406, -0.5216009831581446, -0.1423136133929641, -0.1410675995393959, -0.2373498875642274, -0.10806230738849276, -0.33280325827468865, 1.259568069455309, -0.14600709871060533, 0.5693375009131779, -0.1534474453512897])
(1, '1596', [-0.1468720813469858, 0.6088988198040558, -0.2570665808902406, -0.5216009831581446, -0.1423136133929641, -0.1410675995393959, -0.4745204626976585, -0.10806230738849276, -0.33280325827468865, 0.5337524871726095, -0.14600709871060533, 0.5693375009131779, -0.1534474453512897])
(1, '1600', [-0.1468720813469858, -0.25215268304073746, -0.2570665808902406, -0.5216009831581446, -0.1423136133929641, -0.1410675995393959, -0.5721789348114243, -0.10806230738849276, -0.33280325827468865, 0.5337524871726095, -0.14600709871060533, -0.26893010711037996, -0.1534474453512897])
(1, '1605', [-0.1468720813469858, -0.03688980732953918, -0.2570665808902406, -0.5216009831581446, -0.1423136133929641, -0.1410675995393959, 0.540430086770407, -0.10806230738849276, -0.33280325827468865, 0.5337524871726095, -0.14600709871060533, 0.15020369690139898, -0.1534474453512897])
(1, '1606', [-0.1468720813469858, -0.25215268304073746, -0.2570665808902406, -0.5216009831581446, -0.1423136133929641, -0.1410675995393959, -0.7535446687369893, -0.10806230738849276, -0.33280325827468865, 0.5337524871726095, -0.14600709871060533, -0.26893010711037996, -0.1534474453512897])
(1, '1611', [-0.1468720813469858, 0.39363594409285746, -0.2570665808902406, -0.5216009831581446, -0.1423136133929641, -0.1410675995393959, 0.49857645586450744, -0.10806230738849276, -0.33280325827468865, 1.259568069455309, -0.14600709871060533, 0.3597705989072884, -0.1534474453512897])
(1, '1616', [-0.1468720813469858, -0.25215268304073746, -0.2570665808902406, -0.5216009831581446, -0.1423136133929641, -0.1410675995393959, -0.7500568661614977, -0.10806230738849276, -0.33280325827468865, 0.5337524871726095, -0.14600709871060533, -0.26893010711037996, -0.1534474453512897])
(1, '1623', [-0.1468720813469858, -0.25215268304073746, -0.2570665808902406, -0.5216009831581446, -0.1423136133929641, -0.1410675995393959, -0.6210081708683072, -0.10806230738849276, -0.33280325827468865, 1.259568069455309, -0.14600709871060533, -0.26893010711037996, -0.1534474453512897])
(1, '1641', [-0.1468720813469858, -0.25215268304073746, -0.2570665808902406, -0.5216009831581446, -0.1423136133929641, -0.1410675995393959, -0.7291300507085479, -0.10806230738849276, -0.33280325827468865, 0.5337524871726095, -0.14600709871060533, -0.26893010711037996, -0.1534474453512897])
(1, '1644', [-0.1468720813469858, -0.4674155587519358, -0.2570665808902406, -0.5216009831581446, -0.1423136133929641, -0.1410675995393959, -0.5896179476888824, -0.10806230738849276, -0.33280325827468865, 0.5337524871726095, -0.14600709871060533, -0.47849700911626936, -0.1534474453512897])
(1, '1650', [-0.1468720813469858, 0.39363594409285746, -0.2570665808902406, -0.5216009831581446, -0.1423136133929641, -0.1410675995393959, -0.5338131064810163, -0.10806230738849276, -0.33280325827468865, 0.5337524871726095, -0.14600709871060533, 0.3597705989072884, -0.1534474453512897])
(1, '1656', [-0.1468720813469858, 0.17837306838165914, -0.2570665808902406, -0.5216009831581446, -0.1423136133929641, -0.1410675995393959, -0.20944746696029434, -0.10806230738849276, -0.33280325827468865, 0.5337524871726095, -0.14600709871060533, 0.15020369690139898, -0.1534474453512897])
(1, '1668', [-0.1468720813469858, -0.03688980732953918, -0.2570665808902406, -0.5216009831581446, -0.1423136133929641, -0.1410675995393959, -0.774471484189939, -0.10806230738849276, -0.33280325827468865, 1.9853836517380086, -0.14600709871060533, -0.05936320510449048, -0.1534474453512897])
(1, '1688', [-0.1468720813469858, 0.6088988198040558, -0.2570665808902406, -0.5216009831581446, -0.1423136133929641, -0.1410675995393959, -0.11178899484652857, -0.10806230738849276, -0.33280325827468865, 0.5337524871726095, -0.14600709871060533, 0.5693375009131779, -0.1534474453512897])
(1, '1691', [-0.1468720813469858, -0.03688980732953918, -0.2570665808902406, -0.5216009831581446, -0.1423136133929641, -0.1410675995393959, 0.2509424730046014, -0.10806230738849276, -0.33280325827468865, 0.5337524871726095, -0.14600709871060533, -0.05936320510449048, -0.1534474453512897])
(1, '1692', [-0.1468720813469858, 0.17837306838165914, -0.2570665808902406, -0.5216009831581446, -0.1423136133929641, -0.1410675995393959, -0.7395934584350228, -0.10806230738849276, -0.33280325827468865, 0.5337524871726095, -0.14600709871060533, 0.15020369690139898, -0.1534474453512897])
(1, '1694', [-0.1468720813469858, -0.03688980732953918, -0.2570665808902406, -0.5216009831581446, -0.1423136133929641, -0.1410675995393959, -0.5617155270849494, -0.10806230738849276, -0.33280325827468865, 1.259568069455309, -0.14600709871060533, -0.05936320510449048, -0.1534474453512897])
(1, '1698', [-0.1468720813469858, -0.25215268304073746, -0.2570665808902406, -0.5216009831581446, -0.1423136133929641, -0.1410675995393959, -0.27222791331914376, -0.10806230738849276, -0.33280325827468865, 0.5337524871726095, -0.14600709871060533, -0.26893010711037996, -0.1534474453512897])
(1, '1701', [-0.1468720813469858, -0.03688980732953918, -0.2570665808902406, -0.5216009831581446, -0.1423136133929641, -0.1410675995393959, -0.6210081708683072, -0.10806230738849276, -0.33280325827468865, 1.259568069455309, -0.14600709871060533, -0.05936320510449048, -0.1534474453512897])
(1, '1706', [-0.1468720813469858, 0.17837306838165914, -0.2570665808902406, -0.5216009831581446, -0.1423136133929641, -0.1410675995393959, -0.5477643167829829, -0.10806230738849276, -0.33280325827468865, 0.5337524871726095, -0.14600709871060533, 0.15020369690139898, -0.1534474453512897])
(1, '1710', [-0.1468720813469858, -0.03688980732953918, -0.2570665808902406, -0.5216009831581446, -0.1423136133929641, -0.1410675995393959, -0.4570814498202004, -0.10806230738849276, -0.33280325827468865, 0.5337524871726095, -0.14600709871060533, -0.05936320510449048, -0.1534474453512897])
(1, '1711', [-0.1468720813469858, -0.03688980732953918, -0.2570665808902406, -0.5216009831581446, -0.1423136133929641, -0.1410675995393959, -0.5059106858770832, -0.10806230738849276, -0.33280325827468865, 0.5337524871726095, -0.14600709871060533, 0.15020369690139898, -0.1534474453512897])
(1, '1714', [-0.1468720813469858, -0.03688980732953918, -0.2570665808902406, -0.5216009831581446, -0.1423136133929641, -0.1410675995393959, -0.32105714937602664, -0.10806230738849276, -0.33280325827468865, 0.5337524871726095, -0.14600709871060533, -0.05936320510449048, -0.1534474453512897])
(1, '1722', [-0.1468720813469858, -0.03688980732953918, -0.2570665808902406, -0.5216009831581446, -0.1423136133929641, -0.1410675995393959, 0.2335034601271432, -0.10806230738849276, -0.33280325827468865, 0.5337524871726095, -0.14600709871060533, -0.05936320510449048, -0.1534474453512897])
(1, '1726', [-0.1468720813469858, -0.03688980732953918, -0.2570665808902406, -0.5216009831581446, -0.1423136133929641, -0.1410675995393959, -0.5896179476888824, -0.10806230738849276, -0.33280325827468865, 0.5337524871726095, -0.14600709871060533, -0.05936320510449048, -0.1534474453512897])
(1, '1729', [-0.1468720813469858, 0.8241616955152541, -0.2570665808902406, -0.5216009831581446, -0.1423136133929641, -0.1410675995393959, -0.7430812610105144, -0.10806230738849276, -0.33280325827468865, 1.259568069455309, -0.14600709871060533, 0.7789044029190674, -0.1534474453512897])
(1, '1730', [-0.1468720813469858, 0.17837306838165914, -0.2570665808902406, -0.5216009831581446, -0.1423136133929641, -0.1410675995393959, -0.017618325308254454, -0.10806230738849276, -0.33280325827468865, 0.5337524871726095, -0.14600709871060533, 0.15020369690139898, -0.1534474453512897])
(1, '1754', [-0.1468720813469858, 0.6088988198040558, -0.2570665808902406, -0.5216009831581446, -0.1423136133929641, -0.1410675995393959, -0.7640080764634641, -0.10806230738849276, -0.33280325827468865, 0.5337524871726095, -0.14600709871060533, 0.5693375009131779, -0.1534474453512897])
(1, '1760', [-0.1468720813469858, -0.03688980732953918, -0.2570665808902406, -0.5216009831581446, -0.1423136133929641, -0.1410675995393959, -0.5303253039055247, -0.10806230738849276, -0.33280325827468865, 1.259568069455309, -0.14600709871060533, -0.05936320510449048, -0.1534474453512897])
(1, '1761', [-0.1468720813469858, 0.6088988198040558, -0.2570665808902406, -0.5216009831581446, -0.1423136133929641, -0.1410675995393959, -0.7570324713124809, -0.10806230738849276, -0.33280325827468865, 1.259568069455309, -0.14600709871060533, 0.5693375009131779, -0.1534474453512897])
(1, '1763', [-0.1468720813469858, -0.4674155587519358, -0.2570665808902406, -0.5216009831581446, -0.1423136133929641, -0.1410675995393959, -0.6279837760192905, -0.10806230738849276, -0.33280325827468865, 0.5337524871726095, -0.14600709871060533, -0.47849700911626936, -0.1534474453512897])
(1, '1781', [-0.1468720813469858, 0.17837306838165914, -0.2570665808902406, -0.5216009831581446, -0.1423136133929641, -0.1410675995393959, -0.48498387042413343, -0.10806230738849276, -0.33280325827468865, 0.5337524871726095, -0.14600709871060533, 0.15020369690139898, -0.1534474453512897])
(1, '1786', [-0.1468720813469858, 0.6088988198040558, -0.2570665808902406, -0.5216009831581446, -0.1423136133929641, -0.1410675995393959, -0.26176450559266884, -0.10806230738849276, -0.33280325827468865, 0.5337524871726095, -0.14600709871060533, 0.5693375009131779, -0.1534474453512897])
(1, '1788', [-0.1468720813469858, 0.8241616955152541, -0.2570665808902406, -0.5216009831581446, -0.1423136133929641, -0.1410675995393959, -0.5652033296604411, -0.10806230738849276, -0.33280325827468865, 1.259568069455309, -0.14600709871060533, 0.7789044029190674, -0.1534474453512897])
(1, '1792', [-0.1468720813469858, 0.39363594409285746, -0.2570665808902406, -0.5216009831581446, -0.1423136133929641, -0.1410675995393959, 0.40091798375074167, -0.10806230738849276, -0.33280325827468865, 0.5337524871726095, -0.14600709871060533, 0.3597705989072884, -0.1534474453512897])
(1, '1798', [-0.1468720813469858, 0.39363594409285746, -0.2570665808902406, -0.5216009831581446, -0.1423136133929641, -0.1410675995393959, -0.7814470893409223, -0.10806230738849276, -0.33280325827468865, 1.259568069455309, -0.14600709871060533, 0.3597705989072884, -0.1534474453512897])
(1, '1801', [-0.1468720813469858, -0.4674155587519358, -0.2570665808902406, -0.5216009831581446, -0.1423136133929641, -0.1410675995393959, -0.7047154326801064, -0.10806230738849276, -0.33280325827468865, 0.5337524871726095, -0.14600709871060533, -0.47849700911626936, -0.1534474453512897])
(1, '1802', [-0.1468720813469858, -0.25215268304073746, -0.2570665808902406, -0.5216009831581446, -0.1423136133929641, -0.1410675995393959, -0.4989350807261, -0.10806230738849276, -0.33280325827468865, 0.5337524871726095, -0.14600709871060533, -0.26893010711037996, -0.1534474453512897])
(1, '1804', [-0.1468720813469858, 0.17837306838165914, -0.2570665808902406, -0.5216009831581446, -0.1423136133929641, -0.1410675995393959, -0.5477643167829829, -0.10806230738849276, -0.33280325827468865, 0.5337524871726095, -0.14600709871060533, 0.15020369690139898, -0.1534474453512897])
(1, '1809', [-0.1468720813469858, -0.25215268304073746, -0.2570665808902406, -0.5216009831581446, -0.1423136133929641, -0.1410675995393959, -0.6175203682928155, -0.10806230738849276, -0.33280325827468865, 0.5337524871726095, -0.14600709871060533, -0.05936320510449048, -0.1534474453512897])
(1, '1815', [-0.1468720813469858, 0.39363594409285746, -0.2570665808902406, -0.5216009831581446, -0.1423136133929641, -0.1410675995393959, -0.38732539831036766, -0.10806230738849276, -0.33280325827468865, 1.259568069455309, -0.14600709871060533, 0.3597705989072884, -0.1534474453512897])
(1, '1822', [-0.1468720813469858, 0.17837306838165914, -0.2570665808902406, -0.5216009831581446, -0.1423136133929641, -0.1410675995393959, 0.19862543437222688, -0.10806230738849276, -0.33280325827468865, 0.5337524871726095, -0.14600709871060533, 0.15020369690139898, -0.1534474453512897])
(1, '1823', [-0.1468720813469858, -0.25215268304073746, -0.2570665808902406, -0.5216009831581446, -0.1423136133929641, -0.1410675995393959, -0.4884716729996251, -0.10806230738849276, -0.33280325827468865, 0.5337524871726095, -0.14600709871060533, -0.26893010711037996, -0.1534474453512897])
(1, '1826', [-0.1468720813469858, 0.8241616955152541, -0.2570665808902406, -0.5216009831581446, -0.1423136133929641, -0.1410675995393959, -0.5861301451133908, -0.10806230738849276, -0.33280325827468865, 1.259568069455309, -0.14600709871060533, 0.7789044029190674, -0.1534474453512897])
(1, '1829', [-0.1468720813469858, 1.0394245712264523, -0.2570665808902406, -0.5216009831581446, -0.1423136133929641, -0.1410675995393959, -0.5547399219339662, -0.10806230738849276, -0.33280325827468865, 0.5337524871726095, -0.14600709871060533, 0.9884713049249568, -0.1534474453512897])
(1, '1830', [-0.1468720813469858, -0.03688980732953918, -0.2570665808902406, -0.5216009831581446, -0.1423136133929641, -0.1410675995393959, 0.28233269618402607, -0.10806230738849276, -0.33280325827468865, 0.5337524871726095, -0.14600709871060533, -0.05936320510449048, -0.1534474453512897])
(1, '1834', [-0.1468720813469858, 0.6088988198040558, -0.2570665808902406, -0.5216009831581446, -0.1423136133929641, -0.1410675995393959, -0.15015482317693654, -0.10806230738849276, -0.33280325827468865, 1.259568069455309, -0.14600709871060533, 0.5693375009131779, -0.1534474453512897])
(1, '1836', [-0.1468720813469858, 0.17837306838165914, -0.2570665808902406, -0.5216009831581446, -0.1423136133929641, -0.1410675995393959, 0.3520887476938588, -0.10806230738849276, -0.33280325827468865, 0.5337524871726095, -0.14600709871060533, 0.15020369690139898, -0.1534474453512897])
(1, '1838', [-0.1468720813469858, -0.03688980732953918, -0.2570665808902406, -0.5216009831581446, -0.1423136133929641, -0.1410675995393959, -0.746569063586006, -0.10806230738849276, -0.33280325827468865, 1.259568069455309, -0.14600709871060533, -0.05936320510449048, -0.1534474453512897])
(1, '1840', [-0.1468720813469858, 0.39363594409285746, -0.2570665808902406, -0.5216009831581446, -0.1423136133929641, -0.1410675995393959, -0.5477643167829829, -0.10806230738849276, -0.33280325827468865, 0.5337524871726095, -0.14600709871060533, 0.3597705989072884, -0.1534474453512897])
(1, '1844', [-0.1468720813469858, 0.17837306838165914, -0.2570665808902406, -0.5216009831581446, -0.1423136133929641, -0.1410675995393959, 0.031210910748628425, -0.10806230738849276, -0.33280325827468865, 0.5337524871726095, -0.14600709871060533, 0.15020369690139898, -0.1534474453512897])
(1, '1849', [-0.1468720813469858, -0.03688980732953918, -0.2570665808902406, -0.5216009831581446, -0.1423136133929641, -0.1410675995393959, -0.718666642982073, -0.10806230738849276, -0.33280325827468865, 0.5337524871726095, -0.14600709871060533, -0.05936320510449048, -0.1534474453512897])
(1, '1852', [-0.1468720813469858, -0.25215268304073746, -0.2570665808902406, -0.5216009831581446, -0.1423136133929641, -0.1410675995393959, -0.7116910378310897, -0.10806230738849276, -0.33280325827468865, 0.5337524871726095, -0.14600709871060533, -0.26893010711037996, -0.1534474453512897])
(1, '1864', [-0.1468720813469858, 0.17837306838165914, -0.2570665808902406, -0.5216009831581446, -0.1423136133929641, -0.1410675995393959, -0.34547176740446806, -0.10806230738849276, -0.33280325827468865, 0.5337524871726095, -0.14600709871060533, 0.15020369690139898, -0.1534474453512897])
(1, '1874', [-0.1468720813469858, -0.03688980732953918, -0.2570665808902406, -0.5216009831581446, -0.1423136133929641, -0.1410675995393959, -0.6803008146516649, -0.10806230738849276, -0.33280325827468865, 0.5337524871726095, -0.14600709871060533, -0.05936320510449048, -0.1534474453512897])
(1, '1881', [-0.1468720813469858, 0.17837306838165914, -0.2570665808902406, -0.5216009831581446, -0.1423136133929641, -0.1410675995393959, 0.5090398635909823, -0.10806230738849276, -0.33280325827468865, 1.259568069455309, -0.14600709871060533, 0.15020369690139898, -0.1534474453512897])
(1, '1894', [-0.1468720813469858, -0.4674155587519358, -0.2570665808902406, -0.5216009831581446, -0.1423136133929641, -0.1410675995393959, -0.603569157990849, -0.10806230738849276, -0.33280325827468865, 0.5337524871726095, -0.14600709871060533, -0.47849700911626936, -0.1534474453512897])
(1, '1902', [-0.1468720813469858, 0.39363594409285746, -0.2570665808902406, -0.5216009831581446, -0.1423136133929641, -0.1410675995393959, 0.7252836232714637, -0.10806230738849276, -0.33280325827468865, 0.5337524871726095, -0.14600709871060533, 0.3597705989072884, -0.1534474453512897])
(1, '1903', [-0.1468720813469858, -0.03688980732953918, -0.2570665808902406, -0.5216009831581446, -0.1423136133929641, -0.1410675995393959, -0.784934891916414, -0.10806230738849276, -0.33280325827468865, 1.259568069455309, -0.14600709871060533, -0.05936320510449048, -0.1534474453512897])
(1, '1904', [-0.1468720813469858, 0.39363594409285746, -0.2570665808902406, -0.5216009831581446, -0.1423136133929641, -0.1410675995393959, 0.6590153743371225, -0.10806230738849276, -0.33280325827468865, 0.5337524871726095, -0.14600709871060533, 0.3597705989072884, -0.1534474453512897])
(1, '1910', [-0.1468720813469858, -0.25215268304073746, -0.2570665808902406, -0.5216009831581446, -0.1423136133929641, -0.1410675995393959, -0.0943499819690704, -0.10806230738849276, -0.33280325827468865, 0.5337524871726095, -0.14600709871060533, -0.26893010711037996, -0.1534474453512897])
(1, '1922', [-0.1468720813469858, -0.25215268304073746, -0.2570665808902406, -0.5216009831581446, -0.1423136133929641, -0.1410675995393959, -0.41174001633880913, -0.10806230738849276, -0.33280325827468865, 0.5337524871726095, -0.14600709871060533, -0.26893010711037996, -0.1534474453512897])
(1, '1936', [-0.1468720813469858, -0.03688980732953918, -0.2570665808902406, -0.5216009831581446, -0.1423136133929641, -0.1410675995393959, -0.38732539831036766, -0.10806230738849276, -0.33280325827468865, 1.259568069455309, -0.14600709871060533, 0.15020369690139898, -0.1534474453512897])
(1, '1939', [-0.1468720813469858, -0.03688980732953918, -0.2570665808902406, -0.5216009831581446, -0.1423136133929641, -0.1410675995393959, 0.10445476483395275, -0.10806230738849276, -0.33280325827468865, 0.5337524871726095, -0.14600709871060533, -0.05936320510449048, -0.1534474453512897])
(1, '1943', [-0.1468720813469858, -0.03688980732953918, -0.2570665808902406, -0.5216009831581446, -0.1423136133929641, -0.1410675995393959, -0.7779592867654307, -0.10806230738849276, -0.33280325827468865, 1.259568069455309, -0.14600709871060533, 0.15020369690139898, -0.1534474453512897])
(1, '1946', [-0.1468720813469858, -0.25215268304073746, -0.2570665808902406, -0.5216009831581446, -0.1423136133929641, -0.1410675995393959, -0.7535446687369893, -0.10806230738849276, -0.33280325827468865, 0.5337524871726095, -0.14600709871060533, -0.26893010711037996, -0.1534474453512897])
(1, '1952', [-0.1468720813469858, 0.6088988198040558, -0.2570665808902406, -0.5216009831581446, -0.1423136133929641, -0.1410675995393959, -0.16759383605439473, -0.10806230738849276, -0.33280325827468865, 0.5337524871726095, -0.14600709871060533, 0.5693375009131779, -0.1534474453512897])
(1, '1957', [-0.1468720813469858, 0.17837306838165914, -0.2570665808902406, -0.5216009831581446, -0.1423136133929641, -0.1410675995393959, -0.13271581029947838, -0.10806230738849276, -0.33280325827468865, 0.5337524871726095, -0.14600709871060533, 0.15020369690139898, -0.1534474453512897])
(1, '1962', [-0.1468720813469858, 0.17837306838165914, -0.2570665808902406, -0.5216009831581446, -0.1423136133929641, -0.1410675995393959, -0.29315472877209353, -0.10806230738849276, -0.33280325827468865, -0.19206309511009, -0.14600709871060533, 0.15020369690139898, -0.1534474453512897])
(1, '1963', [-0.1468720813469858, -0.25215268304073746, -0.2570665808902406, -0.5216009831581446, -0.1423136133929641, -0.1410675995393959, -0.11527679742202021, -0.10806230738849276, -0.33280325827468865, 0.5337524871726095, -0.14600709871060533, -0.26893010711037996, -0.1534474453512897])
(1, '1965', [-0.1468720813469858, 0.17837306838165914, -0.2570665808902406, -0.5216009831581446, -0.1423136133929641, -0.1410675995393959, -0.2373498875642274, -0.10806230738849276, -0.33280325827468865, 0.5337524871726095, -0.14600709871060533, 0.15020369690139898, -0.1534474453512897])
(1, '1966', [-0.1468720813469858, 0.17837306838165914, -0.2570665808902406, -0.5216009831581446, -0.1423136133929641, -0.1410675995393959, 0.12189377771141091, -0.10806230738849276, -0.33280325827468865, 0.5337524871726095, -0.14600709871060533, 0.15020369690139898, -0.1534474453512897])
(1, '1969', [-0.1468720813469858, -0.25215268304073746, -0.2570665808902406, -0.5216009831581446, -0.1423136133929641, -0.1410675995393959, -0.4710326601221669, -0.10806230738849276, -0.33280325827468865, 0.5337524871726095, -0.14600709871060533, -0.26893010711037996, -0.1534474453512897])
(1, '1971', [-0.1468720813469858, 0.39363594409285746, -0.2570665808902406, -0.5216009831581446, -0.1423136133929641, -0.1410675995393959, 0.6032105331292564, -0.10806230738849276, -0.33280325827468865, 0.5337524871726095, -0.14600709871060533, 0.5693375009131779, -0.1534474453512897])
(1, '1976', [-0.1468720813469858, 0.17837306838165914, -0.2570665808902406, -0.5216009831581446, -0.1423136133929641, -0.1410675995393959, 0.4113813914772166, -0.10806230738849276, -0.33280325827468865, 0.5337524871726095, -0.14600709871060533, 0.15020369690139898, -0.1534474453512897])
(1, '1978', [-0.1468720813469858, 0.6088988198040558, -0.2570665808902406, -0.5216009831581446, -0.1423136133929641, -0.1410675995393959, -0.5093984884525748, -0.10806230738849276, -0.33280325827468865, 0.5337524871726095, -0.14600709871060533, 0.5693375009131779, -0.1534474453512897])
(1, '1980', [-0.1468720813469858, -0.25215268304073746, -0.2570665808902406, -0.5216009831581446, -0.1423136133929641, -0.1410675995393959, -0.47800826527315016, -0.10806230738849276, -0.33280325827468865, 0.5337524871726095, -0.14600709871060533, -0.26893010711037996, -0.1534474453512897])
(1, '1984', [-0.1468720813469858, -0.25215268304073746, -0.2570665808902406, -0.5216009831581446, -0.1423136133929641, -0.1410675995393959, -0.23386208498873579, -0.10806230738849276, -0.33280325827468865, 0.5337524871726095, -0.14600709871060533, -0.26893010711037996, -0.1534474453512897])
(1, '1985', [-0.1468720813469858, 0.8241616955152541, -0.2570665808902406, -0.5216009831581446, -0.1423136133929641, -0.1410675995393959, -0.6558861966232236, -0.10806230738849276, -0.33280325827468865, 1.259568069455309, -0.14600709871060533, 0.7789044029190674, -0.1534474453512897])
(1, '1988', [-0.1468720813469858, 0.39363594409285746, -0.2570665808902406, -0.5216009831581446, -0.1423136133929641, -0.1410675995393959, -0.6837886172271566, -0.10806230738849276, -0.33280325827468865, 1.9853836517380086, -0.14600709871060533, 0.3597705989072884, -0.1534474453512897])
(1, '1995', [-0.1468720813469858, -0.4674155587519358, -0.2570665808902406, -0.5216009831581446, -0.1423136133929641, -0.1410675995393959, -0.718666642982073, -0.10806230738849276, -0.33280325827468865, 0.5337524871726095, -0.14600709871060533, -0.47849700911626936, -0.1534474453512897])
(1, '2011', [-0.1468720813469858, 0.17837306838165914, -0.2570665808902406, -0.5216009831581446, -0.1423136133929641, -0.1410675995393959, -0.537300909056508, -0.10806230738849276, -0.33280325827468865, 1.259568069455309, -0.14600709871060533, 0.15020369690139898, -0.1534474453512897])
