(1, '1041', [-0.1468720813469858, 0.17837306838165914, -0.2570665808902406, 1.5276195130512888, -0.1423136133929641, -0.1410675995393959, -0.42220342406528405, -0.10806230738849276, -0.33280325827468865, -0.19206309511009, -0.14600709871060533, 0.15020369690139898, -0.1534474453512897])
(1, '1159', [-0.1468720813469858, -0.03688980732953918, -0.2570665808902406, 1.5276195130512888, -0.1423136133929641, -0.1410675995393959, -0.6000813554153573, -0.10806230738849276, -0.33280325827468865, -0.19206309511009, -0.14600709871060533, -0.05936320510449048, -0.1534474453512897])
(1, '1188', [-0.1468720813469858, -0.4674155587519358, -0.2570665808902406, 1.5276195130512888, -0.1423136133929641, 1.7124298672563634, -0.20247186180931107, -0.10806230738849276, -0.33280325827468865, -0.9178786773927895, -0.14600709871060533, -0.47849700911626936, -0.1534474453512897])
(1, '1216', [-0.1468720813469858, -0.4674155587519358, -0.2570665808902406, 1.5276195130512888, -0.1423136133929641, 1.7124298672563634, -0.4989350807261, -0.10806230738849276, -0.33280325827468865, -0.9178786773927895, -0.14600709871060533, -0.47849700911626936, -0.1534474453512897])
(1, '1293', [-0.1468720813469858, -0.4674155587519358, -0.2570665808902406, 1.5276195130512888, -0.1423136133929641, 1.7124298672563634, -0.575666737386916, -0.10806230738849276, -0.33280325827468865, -0.9178786773927895, -0.14600709871060533, -0.47849700911626936, -0.1534474453512897])
(1, '1315', [-0.1468720813469858, 0.17837306838165914, -0.2570665808902406, 1.5276195130512888, -0.1423136133929641, -0.1410675995393959, 0.18118642149476868, -0.10806230738849276, -0.33280325827468865, -0.19206309511009, -0.14600709871060533, 0.15020369690139898, -0.1534474453512897])
(1, '1377', [-0.1468720813469858, -0.6826784344631341, -0.2570665808902406, 1.5276195130512888, -0.1423136133929641, 1.7124298672563634, -0.35593517513094297, -0.10806230738849276, -0.33280325827468865, -0.19206309511009, -0.14600709871060533, -0.47849700911626936, -0.1534474453512897])
(1, '1404', [-0.1468720813469858, -0.25215268304073746, -0.2570665808902406, 1.5276195130512888, -0.1423136133929641, -0.1410675995393959, -0.3280327545270099, -0.10806230738849276, -0.33280325827468865, 0.5337524871726095, -0.14600709871060533, -0.26893010711037996, -0.1534474453512897])
(1, '1415', [-0.1468720813469858, -0.25215268304073746, -0.2570665808902406, 1.5276195130512888, -0.1423136133929641, -0.1410675995393959, -0.5128862910280665, -0.10806230738849276, -0.33280325827468865, -0.19206309511009, -0.14600709871060533, -0.26893010711037996, -0.1534474453512897])
(1, '1469', [-0.1468720813469858, -0.4674155587519358, -0.2570665808902406, 1.5276195130512888, -0.1423136133929641, -0.1410675995393959, -0.5686911322359327, -0.10806230738849276, -0.33280325827468865, -0.19206309511009, -0.14600709871060533, -0.47849700911626936, -0.1534474453512897])
(1, '1546', [-0.1468720813469858, -0.03688980732953918, -0.2570665808902406, 1.5276195130512888, -0.1423136133929641, -0.1410675995393959, 0.6415763614596645, -0.10806230738849276, -0.33280325827468865, -0.19206309511009, -0.14600709871060533, -0.05936320510449048, -0.1534474453512897])
(1, '1565', [-0.1468720813469858, -0.25215268304073746, -0.2570665808902406, 1.5276195130512888, -0.1423136133929641, -0.1410675995393959, -0.13969141545046165, -0.10806230738849276, -0.33280325827468865, 0.5337524871726095, -0.14600709871060533, -0.26893010711037996, -0.1534474453512897])
(1, '1608', [-0.1468720813469858, -0.4674155587519358, -0.2570665808902406, 1.5276195130512888, -0.1423136133929641, 1.7124298672563634, -0.18852065150734454, -0.10806230738849276, -0.33280325827468865, -0.9178786773927895, -0.14600709871060533, -0.47849700911626936, -0.1534474453512897])
(1, '1672', [-0.1468720813469858, -0.25215268304073746, -0.2570665808902406, 1.5276195130512888, -0.1423136133929641, -0.1410675995393959, -0.04552074591218753, -0.10806230738849276, -0.33280325827468865, -0.19206309511009, -0.14600709871060533, -0.26893010711037996, -0.1534474453512897])
(1, '1696', [-0.1468720813469858, -0.4674155587519358, -0.2570665808902406, 1.5276195130512888, -0.1423136133929641, 1.7124298672563634, 0.3102351167879592, -0.10806230738849276, -0.33280325827468865, -0.9178786773927895, -0.14600709871060533, -0.47849700911626936, -0.1534474453512897])
(1, '1703', [-0.1468720813469858, -0.25215268304073746, -0.2570665808902406, 1.5276195130512888, -0.1423136133929641, 1.7124298672563634, -0.5931057502643741, -0.10806230738849276, -0.33280325827468865, -0.9178786773927895, -0.14600709871060533, -0.26893010711037996, -0.1534474453512897])
(1, '1949', [-0.1468720813469858, -0.25215268304073746, -0.2570665808902406, 1.5276195130512888, -0.1423136133929641, 1.7124298672563634, -0.603569157990849, -0.10806230738849276, -0.33280325827468865, -0.9178786773927895, -0.14600709871060533, -0.26893010711037996, -0.1534474453512897])
(1, '1967', [-0.1468720813469858, -0.4674155587519358, -0.2570665808902406, 1.5276195130512888, -0.1423136133929641, -0.1410675995393959, 0.11143036998493601, -0.10806230738849276, -0.33280325827468865, -0.19206309511009, -0.14600709871060533, -0.47849700911626936, -0.1534474453512897])
