(1, '23', [-0.1468720813469858, -0.4674155587519358, -0.2570665808902406, 1.5276195130512888, -0.1423136133929641, -0.1410675995393959, -0.6663496043496984, -0.10806230738849276, -0.33280325827468865, -0.19206309511009, -0.14600709871060533, -0.47849700911626936, -0.1534474453512897])
(1, '38', [-0.1468720813469858, -0.25215268304073746, -0.2570665808902406, 1.5276195130512888, -0.1423136133929641, -0.1410675995393959, -0.5407887116319996, -0.10806230738849276, -0.33280325827468865, -0.19206309511009, -0.14600709871060533, -0.26893010711037996, -0.1534474453512897])
(1, '48', [-0.1468720813469858, -0.4674155587519358, -0.2570665808902406, 1.5276195130512888, -0.1423136133929641, 1.7124298672563634, -0.2268864798377525, -0.10806230738849276, -0.33280325827468865, -0.9178786773927895, -0.14600709871060533, -0.47849700911626936, -0.1534474453512897])
(1, '65', [-0.1468720813469858, -0.25215268304073746, -0.2570665808902406, 1.5276195130512888, -0.1423136133929641, -0.1410675995393959, -0.2164230721112776, -0.10806230738849276, -0.33280325827468865, -0.19206309511009, -0.14600709871060533, -0.26893010711037996, -0.1534474453512897])
(1, '191', [-0.1468720813469858, -0.25215268304073746, -0.2570665808902406, 1.5276195130512888, -0.1423136133929641, -0.1410675995393959, -0.1431792180259533, -0.10806230738849276, -0.33280325827468865, -0.19206309511009, -0.14600709871060533, -0.26893010711037996, -0.1534474453512897])
(1, '339', [-0.1468720813469858, -0.03688980732953918, -0.2570665808902406, 1.5276195130512888, -0.1423136133929641, -0.1410675995393959, -0.39430100346135094, -0.10806230738849276, -0.33280325827468865, -0.19206309511009, -0.14600709871060533, -0.05936320510449048, -0.1534474453512897])
(1, '435', [-0.1468720813469858, -0.25215268304073746, -0.2570665808902406, 1.5276195130512888, -0.1423136133929641, -0.1410675995393959, 0.8229420953852294, -0.10806230738849276, -0.33280325827468865, -0.19206309511009, -0.14600709871060533, -0.26893010711037996, -0.1534474453512897])
(1, '480', [-0.1468720813469858, -0.4674155587519358, -0.2570665808902406, 1.5276195130512888, -0.1423136133929641, -0.1410675995393959, 0.8892103443195705, -0.10806230738849276, -0.33280325827468865, -0.9178786773927895, -0.14600709871060533, -0.47849700911626936, -0.1534474453512897])
(1, '625', [-0.1468720813469858, -0.4674155587519358, -0.2570665808902406, 1.5276195130512888, -0.1423136133929641, -0.1410675995393959, -0.17805724378086962, -0.10806230738849276, -0.33280325827468865, -0.19206309511009, -0.14600709871060533, -0.47849700911626936, -0.1534474453512897])
(1, '694', [-0.1468720813469858, -0.03688980732953918, -0.2570665808902406, 1.5276195130512888, -0.1423136133929641, -0.1410675995393959, -0.47800826527315016, -0.10806230738849276, -0.33280325827468865, -0.19206309511009, -0.14600709871060533, -0.05936320510449048, -0.1534474453512897])
(1, '763', [-0.1468720813469858, -0.03688980732953918, -0.2570665808902406, 1.5276195130512888, -0.1423136133929641, -0.1410675995393959, 0.5439178893458987, -0.10806230738849276, -0.33280325827468865, -0.19206309511009, -0.14600709871060533, -0.05936320510449048, -0.1534474453512897])
(1, '766', [-0.1468720813469858, -0.03688980732953918, -0.2570665808902406, 1.5276195130512888, -0.1423136133929641, -0.1410675995393959, 0.20908884209870177, -0.10806230738849276, -0.33280325827468865, -0.19206309511009, -0.14600709871060533, -0.05936320510449048, -0.1534474453512897])
(1, '914', [-0.1468720813469858, -0.25215268304073746, -0.2570665808902406, 1.5276195130512888, -0.1423136133929641, -0.1410675995393959, -0.4326668317917589, -0.10806230738849276, -0.33280325827468865, -0.19206309511009, -0.14600709871060533, -0.26893010711037996, -0.1534474453512897])
(1, '998', [-0.1468720813469858, -0.25215268304073746, -0.2570665808902406, 1.5276195130512888, -0.1423136133929641, -0.1410675995393959, -0.17108163862988635, -0.10806230738849276, -0.33280325827468865, -0.19206309511009, -0.14600709871060533, -0.26893010711037996, -0.1534474453512897])
