(1, '1046', [-0.1468720813469858, -0.4674155587519358, -0.2570665808902406, -0.5216009831581446, -0.1423136133929641, -0.1410675995393959, -0.7430812610105144, -0.10806230738849276, -0.33280325827468865, -0.19206309511009, -0.14600709871060533, -0.47849700911626936, -0.1534474453512897])
(1, '1050', [-0.1468720813469858, -0.6826784344631341, -0.2570665808902406, -0.5216009831581446, -0.1423136133929641, -0.1410675995393959, -0.10132558712005367, -0.10806230738849276, -0.33280325827468865, -0.19206309511009, -0.14600709871060533, -0.6880639111221588, -0.1534474453512897])
(1, '1077', [-0.1468720813469858, -0.4674155587519358, -0.2570665808902406, -0.5216009831581446, -0.1423136133929641, -0.1410675995393959, -0.4710326601221669, -0.10806230738849276, -0.33280325827468865, -0.19206309511009, -0.14600709871060533, -0.47849700911626936, -0.1534474453512897])
(1, '1079', [-0.1468720813469858, -0.4674155587519358, -0.2570665808902406, -0.5216009831581446, -0.1423136133929641, -0.1410675995393959, -0.6942520249536315, -0.10806230738849276, -0.33280325827468865, -0.19206309511009, -0.14600709871060533, -0.47849700911626936, -0.1534474453512897])
(1, '1105', [-0.1468720813469858, -0.4674155587519358, -0.2570665808902406, -0.5216009831581446, -0.1423136133929641, -0.1410675995393959, -0.17456944120537798, -0.10806230738849276, -0.33280325827468865, -0.19206309511009, -0.14600709871060533, -0.47849700911626936, -0.1534474453512897])
(1, '1119', [-0.1468720813469858, -0.4674155587519358, -0.2570665808902406, -0.5216009831581446, -0.1423136133929641, -0.1410675995393959, -0.7500568661614977, -0.10806230738849276, -0.33280325827468865, -0.19206309511009, -0.14600709871060533, -0.47849700911626936, -0.1534474453512897])
(1, '1127', [-0.1468720813469858, -0.4674155587519358, -0.2570665808902406, -0.5216009831581446, -0.1423136133929641, -0.1410675995393959, -0.02459393045923772, -0.10806230738849276, -0.33280325827468865, -0.19206309511009, -0.14600709871060533, -0.47849700911626936, -0.1534474453512897])
(1, '1129', [-0.1468720813469858, -0.4674155587519358, -0.2570665808902406, -0.5216009831581446, -0.1423136133929641, -0.1410675995393959, -0.5686911322359327, -0.10806230738849276, -0.33280325827468865, -0.19206309511009, -0.14600709871060533, -0.47849700911626936, -0.1534474453512897])
(1, '1160', [-0.1468720813469858, -0.6826784344631341, -0.2570665808902406, -0.5216009831581446, -0.1423136133929641, -0.1410675995393959, -0.12225240257300347, -0.10806230738849276, -0.33280325827468865, -0.19206309511009, -0.14600709871060533, -0.6880639111221588, -0.1534474453512897])
(1, '1190', [-0.1468720813469858, -0.6826784344631341, -0.2570665808902406, -0.5216009831581446, -0.1423136133929641, -0.1410675995393959, -0.7151788404065813, -0.10806230738849276, -0.33280325827468865, -0.19206309511009, -0.14600709871060533, -0.6880639111221588, -0.1534474453512897])
(1, '1203', [-0.1468720813469858, -0.6826784344631341, -0.2570665808902406, -0.5216009831581446, -0.1423136133929641, -0.1410675995393959, -0.10132558712005367, -0.10806230738849276, -0.33280325827468865, -0.19206309511009, -0.14600709871060533, -0.6880639111221588, -0.1534474453512897])
(1, '1220', [-0.1468720813469858, -0.6826784344631341, -0.2570665808902406, -0.5216009831581446, -0.1423136133929641, -0.1410675995393959, 0.031210910748628425, -0.10806230738849276, -0.33280325827468865, -0.19206309511009, -0.14600709871060533, -0.6880639111221588, -0.1534474453512897])
(1, '1239', [-0.1468720813469858, -0.6826784344631341, -0.2570665808902406, -0.5216009831581446, -0.1423136133929641, -0.1410675995393959, -0.06993536394062896, -0.10806230738849276, -0.33280325827468865, -0.19206309511009, -0.14600709871060533, -0.6880639111221588, -0.1534474453512897])
(1, '1261', [-0.1468720813469858, -0.4674155587519358, -0.2570665808902406, -0.5216009831581446, -0.1423136133929641, -0.1410675995393959, -0.4431302395182338, -0.10806230738849276, -0.33280325827468865, -0.19206309511009, -0.14600709871060533, -0.47849700911626936, -0.1534474453512897])
(1, '1270', [-0.1468720813469858, -0.4674155587519358, -0.2570665808902406, -0.5216009831581446, -0.1423136133929641, -0.1410675995393959, -0.5233496987545414, -0.10806230738849276, -0.33280325827468865, -0.19206309511009, -0.14600709871060533, -0.47849700911626936, -0.1534474453512897])
(1, '1272', [-0.1468720813469858, -0.6826784344631341, -0.2570665808902406, -0.5216009831581446, -0.1423136133929641, -0.1410675995393959, -0.45359364724470874, -0.10806230738849276, -0.33280325827468865, -0.19206309511009, -0.14600709871060533, -0.6880639111221588, -0.1534474453512897])
(1, '1287', [-0.1468720813469858, -0.6826784344631341, -0.2570665808902406, -0.5216009831581446, -0.1423136133929641, -0.1410675995393959, -0.0524963510631708, -0.10806230738849276, -0.33280325827468865, -0.19206309511009, -0.14600709871060533, -0.6880639111221588, -0.1534474453512897])
(1, '1308', [-0.1468720813469858, -0.4674155587519358, -0.2570665808902406, -0.5216009831581446, -0.1423136133929641, -0.1410675995393959, -0.7326178532840395, -0.10806230738849276, -0.33280325827468865, -0.19206309511009, -0.14600709871060533, -0.47849700911626936, -0.1534474453512897])
(1, '1309', [-0.1468720813469858, -0.6826784344631341, -0.2570665808902406, -0.5216009831581446, -0.1423136133929641, -0.1410675995393959, -0.7779592867654307, -0.10806230738849276, -0.33280325827468865, -0.19206309511009, -0.14600709871060533, -0.6880639111221588, -0.1534474453512897])
(1, '1328', [-0.1468720813469858, -0.4674155587519358, -0.2570665808902406, -0.5216009831581446, -0.1423136133929641, -0.1410675995393959, -0.21293526953578598, -0.10806230738849276, -0.33280325827468865, -0.19206309511009, -0.14600709871060533, -0.47849700911626936, -0.1534474453512897])
(1, '1331', [-0.1468720813469858, -0.6826784344631341, -0.2570665808902406, -0.5216009831581446, -0.1423136133929641, -0.1410675995393959, -0.16061823090341146, -0.10806230738849276, -0.33280325827468865, -0.19206309511009, -0.14600709871060533, -0.6880639111221588, -0.1534474453512897])
(1, '1343', [-0.1468720813469858, -0.6826784344631341, -0.2570665808902406, -0.5216009831581446, -0.1423136133929641, -0.1410675995393959, -0.16061823090341146, -0.10806230738849276, -0.33280325827468865, -0.19206309511009, -0.14600709871060533, -0.6880639111221588, -0.1534474453512897])
(1, '1350', [-0.1468720813469858, -0.6826784344631341, -0.2570665808902406, -0.5216009831581446, -0.1423136133929641, -0.1410675995393959, -0.4884716729996251, -0.10806230738849276, -0.33280325827468865, -0.19206309511009, -0.14600709871060533, -0.6880639111221588, -0.1534474453512897])
(1, '1354', [-0.1468720813469858, -0.4674155587519358, -0.2570665808902406, -0.5216009831581446, -0.1423136133929641, -0.1410675995393959, -0.30361813649856845, -0.10806230738849276, -0.33280325827468865, -0.19206309511009, -0.14600709871060533, -0.47849700911626936, -0.1534474453512897])
(1, '1380', [-0.1468720813469858, -0.4674155587519358, -0.2570665808902406, -0.5216009831581446, -0.1423136133929641, -0.1410675995393959, -0.0943499819690704, -0.10806230738849276, -0.33280325827468865, -0.19206309511009, -0.14600709871060533, -0.47849700911626936, -0.1534474453512897])
(1, '1393', [-0.1468720813469858, -0.4674155587519358, -0.2570665808902406, -0.5216009831581446, -0.1423136133929641, -0.1410675995393959, -0.0734231665161206, -0.10806230738849276, -0.33280325827468865, -0.19206309511009, -0.14600709871060533, -0.47849700911626936, -0.1534474453512897])
(1, '1396', [-0.1468720813469858, -0.4674155587519358, -0.2570665808902406, -0.5216009831581446, -0.1423136133929641, -0.1410675995393959, -0.7361056558595311, -0.10806230738849276, -0.33280325827468865, -0.19206309511009, -0.14600709871060533, -0.47849700911626936, -0.1534474453512897])
(1, '1408', [-0.1468720813469858, -0.4674155587519358, -0.2570665808902406, -0.5216009831581446, -0.1423136133929641, -0.1410675995393959, -0.784934891916414, -0.10806230738849276, -0.33280325827468865, -0.19206309511009, -0.14600709871060533, -0.47849700911626936, -0.1534474453512897])
(1, '1430', [-0.1468720813469858, -0.4674155587519358, -0.2570665808902406, -0.5216009831581446, -0.1423136133929641, -0.1410675995393959, -0.2652523081681605, -0.10806230738849276, -0.33280325827468865, -0.19206309511009, -0.14600709871060533, -0.47849700911626936, -0.1534474453512897])
(1, '1431', [-0.1468720813469858, -0.6826784344631341, -0.2570665808902406, -0.5216009831581446, -0.1423136133929641, -0.1410675995393959, -0.3280327545270099, -0.10806230738849276, -0.33280325827468865, -0.19206309511009, -0.14600709871060533, -0.6880639111221588, -0.1534474453512897])
(1, '1438', [-0.1468720813469858, -0.4674155587519358, -0.2570665808902406, -0.5216009831581446, -0.1423136133929641, -0.1410675995393959, -0.537300909056508, -0.10806230738849276, -0.33280325827468865, -0.19206309511009, -0.14600709871060533, -0.47849700911626936, -0.1534474453512897])
(1, '1448', [-0.1468720813469858, -0.6826784344631341, -0.2570665808902406, -0.5216009831581446, -0.1423136133929641, -0.1410675995393959, -0.4152278189143008, -0.10806230738849276, -0.33280325827468865, -0.19206309511009, -0.14600709871060533, -0.6880639111221588, -0.1534474453512897])
(1, '1453', [-0.1468720813469858, -0.4674155587519358, -0.2570665808902406, -0.5216009831581446, -0.1423136133929641, -0.1410675995393959, -0.21293526953578598, -0.10806230738849276, -0.33280325827468865, -0.19206309511009, -0.14600709871060533, -0.47849700911626936, -0.1534474453512897])
(1, '1461', [-0.1468720813469858, -0.6826784344631341, -0.2570665808902406, -0.5216009831581446, -0.1423136133929641, -0.1410675995393959, -0.7326178532840395, -0.10806230738849276, -0.33280325827468865, -0.19206309511009, -0.14600709871060533, -0.6880639111221588, -0.1534474453512897])
(1, '1490', [-0.1468720813469858, -0.4674155587519358, -0.2570665808902406, -0.5216009831581446, -0.1423136133929641, -0.1410675995393959, -0.24432549271521067, -0.10806230738849276, -0.33280325827468865, -0.19206309511009, -0.14600709871060533, -0.47849700911626936, -0.1534474453512897])
(1, '1491', [-0.1468720813469858, -0.6826784344631341, -0.2570665808902406, -0.5216009831581446, -0.1423136133929641, -0.1410675995393959, -0.40476441118782586, -0.10806230738849276, -0.33280325827468865, -0.19206309511009, -0.14600709871060533, -0.6880639111221588, -0.1534474453512897])
(1, '1495', [-0.1468720813469858, -0.6826784344631341, -0.2570665808902406, -0.5216009831581446, -0.1423136133929641, -0.1410675995393959, -0.5791545399624075, -0.10806230738849276, -0.33280325827468865, -0.19206309511009, -0.14600709871060533, -0.6880639111221588, -0.1534474453512897])
(1, '1519', [-0.1468720813469858, -0.6826784344631341, -0.2570665808902406, -0.5216009831581446, -0.1423136133929641, -0.1410675995393959, -0.537300909056508, -0.10806230738849276, -0.33280325827468865, -0.19206309511009, -0.14600709871060533, -0.6880639111221588, -0.1534474453512897])
(1, '1524', [-0.1468720813469858, -0.6826784344631341, -0.2570665808902406, -0.5216009831581446, -0.1423136133929641, -0.1410675995393959, -0.3594229777064346, -0.10806230738849276, -0.33280325827468865, -0.19206309511009, -0.14600709871060533, -0.6880639111221588, -0.1534474453512897])
(1, '1572', [-0.1468720813469858, -0.4674155587519358, -0.2570665808902406, -0.5216009831581446, -0.1423136133929641, -0.1410675995393959, -0.3384961622534848, -0.10806230738849276, -0.33280325827468865, 0.5337524871726095, -0.14600709871060533, -0.47849700911626936, -0.1534474453512897])
(1, '1573', [-0.1468720813469858, -0.4674155587519358, -0.2570665808902406, -0.5216009831581446, -0.1423136133929641, -0.1410675995393959, -0.5163740936035581, -0.10806230738849276, -0.33280325827468865, -0.19206309511009, -0.14600709871060533, -0.47849700911626936, -0.1534474453512897])
(1, '1580', [-0.1468720813469858, -0.6826784344631341, -0.2570665808902406, -0.5216009831581446, -0.1423136133929641, -0.1410675995393959, -0.6314715785947821, -0.10806230738849276, -0.33280325827468865, -0.19206309511009, -0.14600709871060533, -0.6880639111221588, -0.1534474453512897])
(1, '1585', [-0.1468720813469858, -0.4674155587519358, -0.2570665808902406, -0.5216009831581446, -0.1423136133929641, -0.1410675995393959, -0.5128862910280665, -0.10806230738849276, -0.33280325827468865, -0.19206309511009, -0.14600709871060533, -0.47849700911626936, -0.1534474453512897])
(1, '1604', [-0.1468720813469858, -0.4674155587519358, -0.2570665808902406, -0.5216009831581446, -0.1423136133929641, -0.1410675995393959, -0.2861791236211103, -0.10806230738849276, -0.33280325827468865, -0.19206309511009, -0.14600709871060533, -0.47849700911626936, -0.1534474453512897])
(1, '1620', [-0.1468720813469858, -0.4674155587519358, -0.2570665808902406, -0.5216009831581446, -0.1423136133929641, -0.1410675995393959, -0.17805724378086962, -0.10806230738849276, -0.33280325827468865, -0.19206309511009, -0.14600709871060533, -0.47849700911626936, -0.1534474453512897])
(1, '1627', [-0.1468720813469858, -0.4674155587519358, -0.2570665808902406, -0.5216009831581446, -0.1423136133929641, -0.1410675995393959, -0.48498387042413343, -0.10806230738849276, -0.33280325827468865, -0.19206309511009, -0.14600709871060533, -0.47849700911626936, -0.1534474453512897])
(1, '1685', [-0.1468720813469858, -0.6826784344631341, -0.2570665808902406, -0.5216009831581446, -0.1423136133929641, -0.1410675995393959, -0.06644756136513734, -0.10806230738849276, -0.33280325827468865, -0.19206309511009, -0.14600709871060533, -0.6880639111221588, -0.1534474453512897])
(1, '1728', [-0.1468720813469858, -0.4674155587519358, -0.2570665808902406, -0.5216009831581446, -0.1423136133929641, -0.1410675995393959, -0.6977398275291231, -0.10806230738849276, -0.33280325827468865, -0.19206309511009, -0.14600709871060533, -0.47849700911626936, -0.1534474453512897])
(1, '1734', [-0.1468720813469858, -0.4674155587519358, -0.2570665808902406, -0.5216009831581446, -0.1423136133929641, -0.1410675995393959, -0.3001303339230768, -0.10806230738849276, -0.33280325827468865, 0.5337524871726095, -0.14600709871060533, -0.47849700911626936, -0.1534474453512897])
(1, '1748', [-0.1468720813469858, -0.4674155587519358, -0.2570665808902406, -0.5216009831581446, -0.1423136133929641, -0.1410675995393959, -0.35244737255545133, -0.10806230738849276, -0.33280325827468865, -0.19206309511009, -0.14600709871060533, -0.47849700911626936, -0.1534474453512897])
(1, '1775', [-0.1468720813469858, -0.6826784344631341, -0.2570665808902406, -0.5216009831581446, -0.1423136133929641, -0.1410675995393959, -0.7430812610105144, -0.10806230738849276, -0.33280325827468865, -0.19206309511009, -0.14600709871060533, -0.6880639111221588, -0.1534474453512897])
(1, '1779', [-0.1468720813469858, -0.4674155587519358, -0.2570665808902406, -0.5216009831581446, -0.1423136133929641, -0.1410675995393959, -0.40476441118782586, -0.10806230738849276, -0.33280325827468865, -0.19206309511009, -0.14600709871060533, -0.47849700911626936, -0.1534474453512897])
(1, '1797', [-0.1468720813469858, -0.6826784344631341, -0.2570665808902406, -0.5216009831581446, -0.1423136133929641, -0.1410675995393959, -0.19898405923381943, -0.10806230738849276, -0.33280325827468865, -0.19206309511009, -0.14600709871060533, -0.6880639111221588, -0.1534474453512897])
(1, '1808', [-0.1468720813469858, -0.6826784344631341, -0.2570665808902406, -0.5216009831581446, -0.1423136133929641, -0.1410675995393959, -0.575666737386916, -0.10806230738849276, -0.33280325827468865, -0.19206309511009, -0.14600709871060533, -0.6880639111221588, -0.1534474453512897])
(1, '1810', [-0.1468720813469858, -0.4674155587519358, -0.2570665808902406, -0.5216009831581446, -0.1423136133929641, -0.1410675995393959, -0.575666737386916, -0.10806230738849276, -0.33280325827468865, -0.19206309511009, -0.14600709871060533, -0.47849700911626936, -0.1534474453512897])
(1, '1812', [-0.1468720813469858, -0.4674155587519358, -0.2570665808902406, -0.5216009831581446, -0.1423136133929641, -0.1410675995393959, -0.4082522137633175, -0.10806230738849276, -0.33280325827468865, -0.19206309511009, -0.14600709871060533, -0.47849700911626936, -0.1534474453512897])
(1, '1814', [-0.1468720813469858, -0.6826784344631341, -0.2570665808902406, -0.5216009831581446, -0.1423136133929641, -0.1410675995393959, -0.38732539831036766, -0.10806230738849276, -0.33280325827468865, -0.19206309511009, -0.14600709871060533, -0.6880639111221588, -0.1534474453512897])
(1, '1824', [-0.1468720813469858, -0.4674155587519358, -0.2570665808902406, -0.5216009831581446, -0.1423136133929641, -0.1410675995393959, -0.5931057502643741, -0.10806230738849276, -0.33280325827468865, -0.19206309511009, -0.14600709871060533, -0.47849700911626936, -0.1534474453512897])
(1, '1831', [-0.1468720813469858, -0.6826784344631341, -0.2570665808902406, -0.5216009831581446, -0.1423136133929641, -0.1410675995393959, -0.7291300507085479, -0.10806230738849276, -0.33280325827468865, -0.19206309511009, -0.14600709871060533, -0.6880639111221588, -0.1534474453512897])
(1, '1835', [-0.1468720813469858, -0.6826784344631341, -0.2570665808902406, -0.5216009831581446, -0.1423136133929641, -0.1410675995393959, -0.7116910378310897, -0.10806230738849276, -0.33280325827468865, -0.19206309511009, -0.14600709871060533, -0.6880639111221588, -0.1534474453512897])
(1, '1837', [-0.1468720813469858, -0.6826784344631341, -0.2570665808902406, -0.5216009831581446, -0.1423136133929641, -0.1410675995393959, -0.6942520249536315, -0.10806230738849276, -0.33280325827468865, -0.19206309511009, -0.14600709871060533, -0.6880639111221588, -0.1534474453512897])
(1, '1855', [-0.1468720813469858, -0.4674155587519358, -0.2570665808902406, -0.5216009831581446, -0.1423136133929641, -0.1410675995393959, -0.6140325657173239, -0.10806230738849276, -0.33280325827468865, -0.19206309511009, -0.14600709871060533, -0.47849700911626936, -0.1534474453512897])
(1, '1858', [-0.1468720813469858, -0.4674155587519358, -0.2570665808902406, -0.5216009831581446, -0.1423136133929641, -0.1410675995393959, -0.10132558712005367, -0.10806230738849276, -0.33280325827468865, -0.19206309511009, -0.14600709871060533, -0.47849700911626936, -0.1534474453512897])
(1, '1860', [-0.1468720813469858, -0.4674155587519358, -0.2570665808902406, -0.5216009831581446, -0.1423136133929641, -0.1410675995393959, -0.2687401107436521, -0.10806230738849276, -0.33280325827468865, -0.19206309511009, -0.14600709871060533, -0.47849700911626936, -0.1534474453512897])
(1, '1862', [-0.1468720813469858, -0.4674155587519358, -0.2570665808902406, -0.5216009831581446, -0.1423136133929641, -0.1410675995393959, -0.02459393045923772, -0.10806230738849276, -0.33280325827468865, -0.19206309511009, -0.14600709871060533, -0.47849700911626936, -0.1534474453512897])
(1, '1871', [-0.1468720813469858, -0.4674155587519358, -0.2570665808902406, -0.5216009831581446, -0.1423136133929641, -0.1410675995393959, -0.3977888060368426, -0.10806230738849276, -0.33280325827468865, -0.19206309511009, -0.14600709871060533, -0.47849700911626936, -0.1534474453512897])
(1, '1880', [-0.1468720813469858, -0.4674155587519358, -0.2570665808902406, -0.5216009831581446, -0.1423136133929641, -0.1410675995393959, -0.4152278189143008, -0.10806230738849276, -0.33280325827468865, -0.19206309511009, -0.14600709871060533, -0.47849700911626936, -0.1534474453512897])
(1, '1885', [-0.1468720813469858, -0.6826784344631341, -0.2570665808902406, -0.5216009831581446, -0.1423136133929641, -0.1410675995393959, -0.7814470893409223, -0.10806230738849276, -0.33280325827468865, -0.19206309511009, -0.14600709871060533, -0.6880639111221588, -0.1534474453512897])
(1, '1890', [-0.1468720813469858, -0.4674155587519358, -0.2570665808902406, -0.5216009831581446, -0.1423136133929641, -0.1410675995393959, -0.26176450559266884, -0.10806230738849276, -0.33280325827468865, -0.19206309511009, -0.14600709871060533, -0.47849700911626936, -0.1534474453512897])
(1, '1901', [-0.1468720813469858, -0.4674155587519358, -0.2570665808902406, -0.5216009831581446, -0.1423136133929641, -0.1410675995393959, -0.718666642982073, -0.10806230738849276, -0.33280325827468865, -0.19206309511009, -0.14600709871060533, -0.47849700911626936, -0.1534474453512897])
(1, '1908', [-0.1468720813469858, -0.4674155587519358, -0.2570665808902406, -0.5216009831581446, -0.1423136133929641, -0.1410675995393959, -0.6837886172271566, -0.10806230738849276, -0.33280325827468865, -0.19206309511009, -0.14600709871060533, -0.47849700911626936, -0.1534474453512897])
(1, '1912', [-0.1468720813469858, -0.4674155587519358, -0.2570665808902406, -0.5216009831581446, -0.1423136133929641, -0.1410675995393959, -0.5582277245094578, -0.10806230738849276, -0.33280325827468865, -0.19206309511009, -0.14600709871060533, -0.47849700911626936, -0.1534474453512897])
(1, '1918', [-0.1468720813469858, -0.4674155587519358, -0.2570665808902406, -0.5216009831581446, -0.1423136133929641, -0.1410675995393959, -0.6942520249536315, -0.10806230738849276, -0.33280325827468865, -0.19206309511009, -0.14600709871060533, -0.47849700911626936, -0.1534474453512897])
(1, '1924', [-0.1468720813469858, -0.6826784344631341, -0.2570665808902406, -0.5216009831581446, -0.1423136133929641, -0.1410675995393959, -0.6000813554153573, -0.10806230738849276, -0.33280325827468865, -0.19206309511009, -0.14600709871060533, -0.6880639111221588, -0.1534474453512897])
(1, '1937', [-0.1468720813469858, -0.4674155587519358, -0.2570665808902406, -0.5216009831581446, -0.1423136133929641, -0.1410675995393959, -0.10132558712005367, -0.10806230738849276, -0.33280325827468865, -0.19206309511009, -0.14600709871060533, -0.47849700911626936, -0.1534474453512897])
(1, '1960', [-0.1468720813469858, -0.4674155587519358, -0.2570665808902406, -0.5216009831581446, -0.1423136133929641, -0.1410675995393959, -0.4570814498202004, -0.10806230738849276, -0.33280325827468865, -0.19206309511009, -0.14600709871060533, -0.47849700911626936, -0.1534474453512897])
(1, '1964', [-0.1468720813469858, -0.4674155587519358, -0.2570665808902406, -0.5216009831581446, -0.1423136133929641, -0.1410675995393959, -0.33152055710250156, -0.10806230738849276, -0.33280325827468865, -0.19206309511009, -0.14600709871060533, -0.47849700911626936, -0.1534474453512897])
(1, '1975', [-0.1468720813469858, -0.4674155587519358, -0.2570665808902406, -0.5216009831581446, -0.1423136133929641, -0.1410675995393959, -0.44661804209372546, -0.10806230738849276, -0.33280325827468865, -0.19206309511009, -0.14600709871060533, -0.47849700911626936, -0.1534474453512897])
(1, '1998', [-0.1468720813469858, -0.4674155587519358, -0.2570665808902406, -0.5216009831581446, -0.1423136133929641, -0.1410675995393959, -0.6977398275291231, -0.10806230738849276, -0.33280325827468865, -0.19206309511009, -0.14600709871060533, -0.47849700911626936, -0.1534474453512897])
(1, '2006', [-0.1468720813469858, -0.4674155587519358, -0.2570665808902406, -0.5216009831581446, -0.1423136133929641, -0.1410675995393959, -0.3419839648289764, -0.10806230738849276, -0.33280325827468865, -0.19206309511009, -0.14600709871060533, -0.47849700911626936, -0.1534474453512897])
