(1, '1099', [4.278350610760626, -0.8979413101743324, 7.363297720931876, 1.5276195130512888, 7.57819991317533, -1.994565066335155, -0.7953982996428889, 4.7246258000837695, 5.020831858619761, -1.643694259675489, 4.229661241286691, -0.8976308131280483, 8.544830599704676])
(1, '1113', [5.976920937024153, -0.8979413101743324, 6.274674249243002, -0.5216009831581446, 8.6811304169708, -0.1410675995393959, -0.5582277245094578, 5.383628723829987, 6.805376897584577, -0.9178786773927895, 5.909210705124036, -0.8976308131280483, 10.284486208715869])
(1, '1146', [7.005002976604709, -0.8979413101743324, 7.363297720931876, -0.5216009831581446, 10.886991424561742, -0.1410675995393959, -0.708203235255598, 6.262299288824943, 5.020831858619761, -0.9178786773927895, 6.969978787547624, -0.8976308131280483, 10.284486208715869])
(1, '1192', [2.3562841889361077, -0.8979413101743324, 7.726172211494834, 1.5276195130512888, 6.47526940937986, -1.994565066335155, -0.7953982996428889, 1.4296111813526815, 3.2362868196549446, -1.643694259675489, 2.329118426944431, -0.8976308131280483, 3.3258637726710965])
(1, '1238', [7.094401414829106, -1.3284670615967291, 1.37586862664307, -2.570821479367578, 3.166477897993447, -1.994565066335155, -0.7953982996428889, 11.094987396297205, 6.805376897584577, -2.369509841958189, 7.05837612774959, -1.3167646171398273, 5.0655193816822885])
(1, '1241', [3.4290654476288616, -0.4674155587519358, 2.1016176077689863, 1.5276195130512888, 8.6811304169708, 1.7124298672563634, -0.3663985828574179, 6.701634571322422, 5.020831858619761, -0.9178786773927895, 3.389886509368018, -0.47849700911626936, 8.544830599704676])
(1, '1271', [4.278350610760626, -0.8979413101743324, 1.7387431172060281, 1.5276195130512888, 4.269408401788918, -1.994565066335155, -0.7953982996428889, 4.7246258000837695, 8.589921936549395, -1.643694259675489, 4.273859911387674, -0.8976308131280483, 5.0655193816822885])
(1, '1417', [4.457147487209418, -0.6826784344631341, 8.27048394733927, 1.5276195130512888, 11.989921928357212, -0.1410675995393959, -0.718666642982073, 5.163961082581247, 3.2362868196549446, -0.9178786773927895, 4.450654591791605, -0.6880639111221588, 6.805174990693482])
(1, '1421', [3.9654560769752387, -1.1132041858855308, 4.641739041709691, -0.5216009831581446, 10.886991424561742, -1.994565066335155, -0.7953982996428889, 3.626287593840073, 3.2362868196549446, -1.643694259675489, 3.9202705505798114, -1.1071977151339378, 8.544830599704676])
(1, '1515', [10.804436601141548, -1.1132041858855308, 5.730362513398565, -0.5216009831581446, 8.6811304169708, -1.994565066335155, -0.7953982996428889, 12.852328526287119, 6.805376897584577, -1.643694259675489, 10.771064416232143, -1.1071977151339378, 8.544830599704676])
(1, '1541', [23.94600702012779, -1.3284670615967291, 3.9159900605837756, -2.570821479367578, 17.504574447334566, -1.994565066335155, -0.7953982996428889, 20.980031252490466, 8.589921936549395, -2.369509841958189, 24.119062786728946, -1.3167646171398273, 13.763797426738254])
(1, '1547', [2.6244795036092965, -0.25215268304073746, 7.000423230368918, 1.5276195130512888, 4.269408401788918, -0.1410675995393959, -0.6558861966232236, 0.770608257606464, 3.2362868196549446, -0.19206309511009, 2.594310447550328, -0.26893010711037996, 5.0655193816822885])
(1, '1557', [13.486389747873435, -1.1132041858855308, 5.367488022835607, -0.5216009831581446, 5.372338905584389, -1.994565066335155, -0.7953982996428889, 11.094987396297205, 6.805376897584577, -1.643694259675489, 13.334587282089148, -1.1071977151339378, 8.544830599704676])
(1, '1970', [3.8313584196386445, -1.1132041858855308, 6.093237003961524, -0.5216009831581446, 4.269408401788918, -1.994565066335155, -0.7953982996428889, 1.4296111813526815, 3.2362868196549446, -1.643694259675489, 3.7876745402768632, -1.1071977151339378, 5.0655193816822885])
(1, '1986', [2.132788093375117, -0.8979413101743324, 3.0088038341763808, 1.5276195130512888, 6.47526940937986, -1.994565066335155, -0.7953982996428889, 2.7476170288451165, 5.020831858619761, -1.643694259675489, 2.1523237465405, -0.8976308131280483, 5.0655193816822885])
