(1, '279', [16.21304211371752, -0.8979413101743324, 8.27048394733927, -0.5216009831581446, 10.886991424561742, -0.1410675995393959, -0.2478132952907023, 15.488340221271987, 6.805376897584577, -0.9178786773927895, 16.20750083865303, -0.8976308131280483, 12.024141817727061])
(1, '371', [2.490381846272702, -0.25215268304073746, 5.548925268117086, 1.5276195130512888, 5.372338905584389, -0.1410675995393959, 0.683429992365564, 1.4296111813526815, 3.2362868196549446, -0.19206309511009, 2.5059131073483623, -0.26893010711037996, 5.0655193816822885])
(1, '392', [4.591245144546012, -0.6826784344631341, 4.8231762869911705, -0.5216009831581446, 8.6811304169708, -0.1410675995393959, -0.4989350807261, 3.8459552350888124, 3.2362868196549446, -0.9178786773927895, 4.539051931993571, -0.6880639111221588, 10.284486208715869])
(1, '478', [12.994698337639257, -0.4674155587519358, 5.1860507775541285, 1.5276195130512888, 7.57819991317533, -0.1410675995393959, -0.6384471837457654, 17.2456813512619, 6.805376897584577, -0.19206309511009, 13.025196591382267, -0.47849700911626936, 8.544830599704676])
(1, '489', [4.099553734311833, -0.8979413101743324, 10.447730890717018, 1.5276195130512888, 6.47526940937986, -1.994565066335155, -0.7953982996428889, 3.626287593840073, 5.020831858619761, -1.643694259675489, 4.05286656088276, -0.8976308131280483, 5.0655193816822885])
(1, '555', [6.423913128146134, -1.1132041858855308, 1.7387431172060281, -0.5216009831581446, 4.269408401788918, -1.994565066335155, -0.7953982996428889, 8.678643342561074, 8.589921936549395, -1.643694259675489, 6.351197406133864, -1.1071977151339378, 6.805174990693482])
(1, '657', [11.609022545161114, -1.1132041858855308, 4.460301796428213, -0.5216009831581446, 10.886991424561742, -1.994565066335155, -0.7953982996428889, 9.117978625058553, 6.805376897584577, -1.643694259675489, 11.831832498655732, -1.1071977151339378, 12.024141817727061])
(1, '823', [4.054854515199635, -1.1132041858855308, 2.464492098331944, -0.5216009831581446, 2.063547394197977, -1.994565066335155, -0.7953982996428889, 2.3082817463476384, 5.020831858619761, -1.643694259675489, 4.008667890781777, -1.1071977151339378, 3.3258637726710965])
(1, '856', [2.400983408048306, -0.4674155587519358, 4.278864551146733, 1.5276195130512888, 7.57819991317533, 1.7124298672563634, -0.603569157990849, 2.3082817463476384, 3.2362868196549446, -0.9178786773927895, 2.373317097045414, -0.47849700911626936, 5.0655193816822885])
(1, '901', [2.400983408048306, -0.8979413101743324, 2.645929343613423, 1.5276195130512888, 4.269408401788918, -1.994565066335155, -0.7953982996428889, 1.6492788226014208, 5.020831858619761, -1.643694259675489, 2.373317097045414, -0.8976308131280483, 5.0655193816822885])
