(1, '1', [-0.1468720813469858, -1.1132041858855308, -0.2570665808902406, -0.5216009831581446, -0.1423136133929641, -1.994565066335155, -0.7953982996428889, -0.10806230738849276, -0.33280325827468865, -1.643694259675489, -0.14600709871060533, -1.1071977151339378, -0.1534474453512897])
(1, '12', [-0.1468720813469858, -1.1132041858855308, -0.2570665808902406, -0.5216009831581446, -0.1423136133929641, -1.994565066335155, -0.7953982996428889, -0.10806230738849276, -0.33280325827468865, -1.643694259675489, -0.14600709871060533, -1.1071977151339378, -0.1534474453512897])
(1, '22', [-0.1468720813469858, -1.1132041858855308, -0.2570665808902406, -0.5216009831581446, -0.1423136133929641, -1.994565066335155, -0.7953982996428889, -0.10806230738849276, -0.33280325827468865, -1.643694259675489, -0.14600709871060533, -1.1071977151339378, -0.1534474453512897])
(1, '28', [-0.10217286223478769, -0.8979413101743324, -0.07562933560876163, -0.5216009831581446, -0.1423136133929641, -0.1410675995393959, -0.38732539831036766, -0.10806230738849276, 1.4517417806901278, -0.9178786773927895, -0.10180842860962254, -0.8976308131280483, -0.1534474453512897])
(1, '32', [-0.1468720813469858, -0.6826784344631341, -0.2570665808902406, -0.5216009831581446, -0.1423136133929641, -0.1410675995393959, -0.7814470893409223, -0.10806230738849276, -0.33280325827468865, -0.9178786773927895, -0.14600709871060533, -0.6880639111221588, -0.1534474453512897])
(1, '37', [-0.1468720813469858, -0.8979413101743324, -0.2570665808902406, -0.5216009831581446, -0.1423136133929641, -0.1410675995393959, -0.4082522137633175, -0.10806230738849276, -0.33280325827468865, -0.9178786773927895, -0.14600709871060533, -0.8976308131280483, -0.1534474453512897])
(1, '43', [-0.1468720813469858, -0.6826784344631341, -0.2570665808902406, -0.5216009831581446, -0.1423136133929641, -0.1410675995393959, -0.7047154326801064, -0.10806230738849276, -0.33280325827468865, -0.9178786773927895, -0.14600709871060533, -0.6880639111221588, -0.1534474453512897])
(1, '46', [-0.1468720813469858, -1.1132041858855308, -0.2570665808902406, -0.5216009831581446, -0.1423136133929641, -1.994565066335155, -0.7953982996428889, -0.10806230738849276, -0.33280325827468865, -1.643694259675489, -0.14600709871060533, -1.1071977151339378, -0.1534474453512897])
(1, '47', [-0.1468720813469858, -0.6826784344631341, -0.2570665808902406, -0.5216009831581446, -0.1423136133929641, -0.1410675995393959, -0.40476441118782586, -0.10806230738849276, -0.33280325827468865, -0.9178786773927895, -0.14600709871060533, -0.6880639111221588, -0.1534474453512897])
(1, '62', [-0.1468720813469858, -0.8979413101743324, -0.2570665808902406, 1.5276195130512888, -0.1423136133929641, -1.994565066335155, -0.7953982996428889, -0.10806230738849276, -0.33280325827468865, -1.643694259675489, -0.14600709871060533, -0.8976308131280483, -0.1534474453512897])
(1, '66', [-0.1468720813469858, -0.6826784344631341, -0.2570665808902406, -0.5216009831581446, -0.1423136133929641, -0.1410675995393959, -0.5652033296604411, -0.10806230738849276, -0.33280325827468865, -0.9178786773927895, -0.14600709871060533, -0.6880639111221588, -0.1534474453512897])
(1, '69', [-0.1468720813469858, -1.1132041858855308, -0.2570665808902406, -0.5216009831581446, -0.1423136133929641, -1.994565066335155, -0.7953982996428889, -0.10806230738849276, -0.33280325827468865, -1.643694259675489, -0.14600709871060533, -1.1071977151339378, -0.1534474453512897])
(1, '73', [1.104706053794561, -0.8979413101743324, 3.3716783247393387, -0.5216009831581446, 3.166477897993447, -0.1410675995393959, -0.6907642223781398, -0.10806230738849276, 3.2362868196549446, -0.9178786773927895, 1.0915556641169128, -0.8976308131280483, 1.5862081636599032])
(1, '83', [-0.1468720813469858, -0.6826784344631341, -0.2570665808902406, -0.5216009831581446, -0.1423136133929641, -0.1410675995393959, -0.19898405923381943, -0.10806230738849276, -0.33280325827468865, -0.9178786773927895, -0.14600709871060533, -0.6880639111221588, -0.1534474453512897])
(1, '88', [-0.1468720813469858, -0.6826784344631341, -0.2570665808902406, -0.5216009831581446, -0.1423136133929641, -0.1410675995393959, -0.460569252395692, -0.10806230738849276, -0.33280325827468865, -0.9178786773927895, -0.14600709871060533, -0.6880639111221588, -0.1534474453512897])
(1, '99', [0.2554208906627971, -0.4674155587519358, 1.37586862664307, -0.5216009831581446, -0.1423136133929641, -0.1410675995393959, -0.20944746696029434, -0.10806230738849276, 1.4517417806901278, -0.19206309511009, 0.25178093219823977, -0.47849700911626936, -0.1534474453512897])
(1, '100', [-0.1468720813469858, -1.1132041858855308, -0.2570665808902406, -0.5216009831581446, -0.1423136133929641, -1.994565066335155, -0.7953982996428889, -0.10806230738849276, -0.33280325827468865, -1.643694259675489, -0.14600709871060533, -1.1071977151339378, -0.1534474453512897])
(1, '102', [-0.1468720813469858, -0.8979413101743324, -0.2570665808902406, -0.5216009831581446, -0.1423136133929641, -0.1410675995393959, -0.4396424369427422, -0.10806230738849276, -0.33280325827468865, -0.9178786773927895, -0.14600709871060533, -0.8976308131280483, -0.1534474453512897])
(1, '106', [0.21072167155059898, -0.4674155587519358, 1.1944313813615912, 1.5276195130512888, -0.1423136133929641, 1.7124298672563634, -0.31408154422504336, -0.10806230738849276, 1.4517417806901278, -0.9178786773927895, 0.207582262097257, -0.47849700911626936, -0.1534474453512897])
(1, '113', [-0.1468720813469858, -0.8979413101743324, -0.2570665808902406, -0.5216009831581446, -0.1423136133929641, -0.1410675995393959, -0.6977398275291231, -0.10806230738849276, -0.33280325827468865, -0.9178786773927895, -0.14600709871060533, -0.8976308131280483, -0.1534474453512897])
(1, '120', [-0.1468720813469858, -0.4674155587519358, -0.2570665808902406, -0.5216009831581446, -0.1423136133929641, -0.1410675995393959, -0.23037428241324415, -0.10806230738849276, -0.33280325827468865, -0.9178786773927895, -0.14600709871060533, -0.47849700911626936, -0.1534474453512897])
(1, '123', [-0.1468720813469858, -0.6826784344631341, -0.2570665808902406, -0.5216009831581446, -0.1423136133929641, -0.1410675995393959, -0.3419839648289764, -0.10806230738849276, -0.33280325827468865, -0.9178786773927895, -0.14600709871060533, -0.6880639111221588, -0.1534474453512897])
(1, '129', [-0.1468720813469858, -1.1132041858855308, -0.2570665808902406, -0.5216009831581446, -0.1423136133929641, -1.994565066335155, -0.7953982996428889, -0.10806230738849276, -0.33280325827468865, -1.643694259675489, -0.14600709871060533, -1.1071977151339378, -0.1534474453512897])
(1, '130', [-0.1468720813469858, -0.8979413101743324, -0.2570665808902406, -0.5216009831581446, -0.1423136133929641, -0.1410675995393959, -0.05947195621415406, -0.10806230738849276, -0.33280325827468865, -0.9178786773927895, -0.14600709871060533, -0.8976308131280483, -0.1534474453512897])
(1, '131', [0.3001201097749952, -0.8979413101743324, 1.5573058719245492, -0.5216009831581446, -0.1423136133929641, -0.1410675995393959, 1.3635514945864327, -0.10806230738849276, 1.4517417806901278, -0.9178786773927895, 0.29597960229922254, -0.8976308131280483, -0.1534474453512897])
(1, '137', [-0.1468720813469858, -1.1132041858855308, -0.2570665808902406, -0.5216009831581446, -0.1423136133929641, -1.994565066335155, -0.7953982996428889, -0.10806230738849276, -0.33280325827468865, -1.643694259675489, -0.14600709871060533, -1.1071977151339378, -0.1534474453512897])
(1, '139', [-0.1468720813469858, -0.6826784344631341, -0.2570665808902406, -0.5216009831581446, -0.1423136133929641, -0.1410675995393959, -0.603569157990849, -0.10806230738849276, -0.33280325827468865, -0.9178786773927895, -0.14600709871060533, -0.6880639111221588, -0.1534474453512897])
(1, '140', [-0.1468720813469858, -0.8979413101743324, -0.2570665808902406, -0.5216009831581446, -0.1423136133929641, -0.1410675995393959, -0.4082522137633175, -0.10806230738849276, -0.33280325827468865, -0.9178786773927895, -0.14600709871060533, -0.8976308131280483, -0.1534474453512897])
(1, '141', [-0.1468720813469858, -0.8979413101743324, -0.2570665808902406, 1.5276195130512888, -0.1423136133929641, -1.994565066335155, -0.7953982996428889, -0.10806230738849276, -0.33280325827468865, -1.643694259675489, -0.14600709871060533, -0.8976308131280483, -0.1534474453512897])
(1, '143', [-0.1468720813469858, -0.6826784344631341, -0.2570665808902406, 1.5276195130512888, -0.1423136133929641, -0.1410675995393959, -0.16759383605439473, -0.10806230738849276, -0.33280325827468865, -0.9178786773927895, -0.14600709871060533, -0.6880639111221588, -0.1534474453512897])
(1, '144', [0.6577138626725799, -0.03688980732953918, 3.0088038341763808, -0.5216009831581446, -0.1423136133929641, -0.1410675995393959, 0.17421081634378544, -0.10806230738849276, 1.4517417806901278, -0.19206309511009, 0.6495689631070849, -0.05936320510449048, -0.1534474453512897])
(1, '148', [-0.1468720813469858, -1.1132041858855308, -0.2570665808902406, -0.5216009831581446, -0.1423136133929641, -1.994565066335155, -0.7953982996428889, -0.10806230738849276, -0.33280325827468865, -1.643694259675489, -0.14600709871060533, -1.1071977151339378, -0.1534474453512897])
(1, '150', [-0.1468720813469858, -1.1132041858855308, -0.2570665808902406, -0.5216009831581446, -0.1423136133929641, -1.994565066335155, -0.7953982996428889, -0.10806230738849276, -0.33280325827468865, -1.643694259675489, -0.14600709871060533, -1.1071977151339378, -0.1534474453512897])
(1, '156', [-0.1468720813469858, -1.1132041858855308, -0.2570665808902406, -0.5216009831581446, -0.1423136133929641, -1.994565066335155, -0.7953982996428889, -0.10806230738849276, -0.33280325827468865, -1.643694259675489, -0.14600709871060533, -1.1071977151339378, -0.1534474453512897])
(1, '157', [-0.1468720813469858, -1.1132041858855308, -0.2570665808902406, -0.5216009831581446, -0.1423136133929641, -1.994565066335155, -0.7953982996428889, -0.10806230738849276, -0.33280325827468865, -1.643694259675489, -0.14600709871060533, -1.1071977151339378, -0.1534474453512897])
(1, '159', [-0.1468720813469858, -1.1132041858855308, -0.2570665808902406, -0.5216009831581446, -0.1423136133929641, -1.994565066335155, -0.7953982996428889, -0.10806230738849276, -0.33280325827468865, -1.643694259675489, -0.14600709871060533, -1.1071977151339378, -0.1534474453512897])
(1, '161', [0.16602245243840089, -1.1132041858855308, 1.0129941360801122, -0.5216009831581446, -0.1423136133929641, -1.994565066335155, -0.7953982996428889, -0.10806230738849276, 1.4517417806901278, -1.643694259675489, 0.16338359199627422, -1.1071977151339378, -0.1534474453512897])
(1, '162', [-0.1468720813469858, -1.1132041858855308, -0.2570665808902406, -0.5216009831581446, -0.1423136133929641, -1.994565066335155, -0.7953982996428889, -0.10806230738849276, -0.33280325827468865, -1.643694259675489, -0.14600709871060533, -1.1071977151339378, -0.1534474453512897])
(1, '163', [0.0766240142140047, -0.25215268304073746, 0.6501196455171542, 1.5276195130512888, -0.1423136133929641, -0.1410675995393959, 0.11491817256042765, -0.10806230738849276, 1.4517417806901278, -0.19206309511009, 0.07498625179430864, -0.26893010711037996, -0.1534474453512897])
(1, '164', [1.104706053794561, -0.8979413101743324, 3.5531155700208177, 1.5276195130512888, 2.063547394197977, -1.994565066335155, -0.7953982996428889, 0.3312729751089856, 3.2362868196549446, -1.643694259675489, 1.0915556641169128, -0.8976308131280483, 3.3258637726710965])
(1, '166', [-0.1468720813469858, -0.6826784344631341, -0.2570665808902406, -0.5216009831581446, -0.1423136133929641, -0.1410675995393959, -0.6977398275291231, -0.10806230738849276, -0.33280325827468865, -0.9178786773927895, -0.14600709871060533, -0.6880639111221588, -0.1534474453512897])
(1, '169', [-0.1468720813469858, -0.6826784344631341, -0.2570665808902406, -0.5216009831581446, -0.1423136133929641, -0.1410675995393959, -0.7570324713124809, -0.10806230738849276, -0.33280325827468865, -0.9178786773927895, -0.14600709871060533, -0.6880639111221588, -0.1534474453512897])
(1, '172', [1.6857959022531364, -0.6826784344631341, 6.274674249243002, -0.5216009831581446, 0.9606168904025065, -0.1410675995393959, 0.03469871332412006, 0.11160533386024642, 3.2362868196549446, -0.19206309511009, 1.6661383754296892, -0.6880639111221588, 1.5862081636599032])
(1, '176', [-0.10217286223478769, -0.4674155587519358, -0.07562933560876163, 1.5276195130512888, -0.1423136133929641, -0.1410675995393959, -0.03156953561022099, -0.10806230738849276, 1.4517417806901278, -0.9178786773927895, -0.10180842860962254, -0.47849700911626936, -0.1534474453512897])
(1, '178', [-0.1468720813469858, -0.8979413101743324, -0.2570665808902406, -0.5216009831581446, -0.1423136133929641, -0.1410675995393959, -0.7570324713124809, -0.10806230738849276, -0.33280325827468865, -0.9178786773927895, -0.14600709871060533, -0.8976308131280483, -0.1534474453512897])
(1, '184', [1.0153076155701648, -0.8979413101743324, 4.460301796428213, 1.5276195130512888, -0.1423136133929641, -1.994565066335155, -0.7953982996428889, -0.10806230738849276, 1.4517417806901278, -1.643694259675489, 1.0031583239149473, -0.8976308131280483, -0.1534474453512897])
(1, '189', [0.21072167155059898, -0.6826784344631341, 1.1944313813615912, -0.5216009831581446, -0.1423136133929641, -0.1410675995393959, -0.2861791236211103, -0.10806230738849276, 1.4517417806901278, -0.19206309511009, 0.207582262097257, -0.6880639111221588, -0.1534474453512897])
(1, '197', [-0.1468720813469858, -0.6826784344631341, -0.2570665808902406, -0.5216009831581446, -0.1423136133929641, -0.1410675995393959, -0.5128862910280665, -0.10806230738849276, -0.33280325827468865, -0.9178786773927895, -0.14600709871060533, -0.6880639111221588, -0.1534474453512897])
(1, '199', [0.21072167155059898, -0.6826784344631341, 1.1944313813615912, 1.5276195130512888, -0.1423136133929641, -0.1410675995393959, -0.6733252095006816, -0.10806230738849276, 1.4517417806901278, -0.9178786773927895, 0.207582262097257, -0.6880639111221588, -0.1534474453512897])
(1, '203', [-0.1468720813469858, -1.1132041858855308, -0.2570665808902406, -0.5216009831581446, -0.1423136133929641, -1.994565066335155, -0.7953982996428889, -0.10806230738849276, -0.33280325827468865, -1.643694259675489, -0.14600709871060533, -1.1071977151339378, -0.1534474453512897])
(1, '204', [-0.1468720813469858, -0.8979413101743324, -0.2570665808902406, 1.5276195130512888, -0.1423136133929641, -1.994565066335155, -0.7953982996428889, -0.10806230738849276, -0.33280325827468865, -1.643694259675489, -0.14600709871060533, -0.8976308131280483, -0.1534474453512897])
(1, '209', [-0.1468720813469858, -0.6826784344631341, -0.2570665808902406, -0.5216009831581446, -0.1423136133929641, -0.1410675995393959, -0.03156953561022099, -0.10806230738849276, -0.33280325827468865, -0.9178786773927895, -0.14600709871060533, -0.6880639111221588, -0.1534474453512897])
(1, '213', [-0.1468720813469858, -0.8979413101743324, -0.2570665808902406, -0.5216009831581446, -0.1423136133929641, -0.1410675995393959, -0.7291300507085479, -0.10806230738849276, -0.33280325827468865, -0.9178786773927895, -0.14600709871060533, -0.8976308131280483, -0.1534474453512897])
(1, '216', [-0.1468720813469858, -0.6826784344631341, -0.2570665808902406, -0.5216009831581446, -0.1423136133929641, -0.1410675995393959, -0.3245449519515183, -0.10806230738849276, -0.33280325827468865, -0.9178786773927895, -0.14600709871060533, -0.6880639111221588, -0.1534474453512897])
(1, '217', [-0.1468720813469858, -0.8979413101743324, -0.2570665808902406, -0.5216009831581446, -0.1423136133929641, -0.1410675995393959, 0.0486499236260866, -0.10806230738849276, -0.33280325827468865, -0.9178786773927895, -0.14600709871060533, -0.8976308131280483, -0.1534474453512897])
(1, '221', [-0.1468720813469858, -0.6826784344631341, -0.2570665808902406, -0.5216009831581446, -0.1423136133929641, -0.1410675995393959, -0.5826423425378991, -0.10806230738849276, -0.33280325827468865, -0.9178786773927895, -0.14600709871060533, -0.6880639111221588, -0.1534474453512897])
(1, '228', [-0.1468720813469858, -0.8979413101743324, -0.2570665808902406, -0.5216009831581446, -0.1423136133929641, -0.1410675995393959, 0.045162121050594965, -0.10806230738849276, -0.33280325827468865, -0.9178786773927895, -0.14600709871060533, -0.8976308131280483, -0.1534474453512897])
(1, '237', [-0.1468720813469858, -0.8979413101743324, -0.2570665808902406, -0.5216009831581446, -0.1423136133929641, -0.1410675995393959, -0.17108163862988635, -0.10806230738849276, -0.33280325827468865, -0.9178786773927895, -0.14600709871060533, -0.8976308131280483, -0.1534474453512897])
(1, '238', [0.0319247951018066, -1.1132041858855308, 0.46868240023567526, -0.5216009831581446, -0.1423136133929641, -1.994565066335155, -0.7953982996428889, -0.10806230738849276, 1.4517417806901278, -1.643694259675489, 0.03078758169332584, -1.1071977151339378, -0.1534474453512897])
(1, '240', [1.8198935595897305, -1.3284670615967291, 1.1944313813615912, -2.570821479367578, 0.9606168904025065, -1.994565066335155, -0.7953982996428889, 2.7476170288451165, 5.020831858619761, -2.369509841958189, 1.7987343857326377, -1.3167646171398273, 1.5862081636599032])
(1, '242', [-0.1468720813469858, -1.1132041858855308, -0.2570665808902406, -0.5216009831581446, -0.1423136133929641, -1.994565066335155, -0.7953982996428889, -0.10806230738849276, -0.33280325827468865, -1.643694259675489, -0.14600709871060533, -1.1071977151339378, -0.1534474453512897])
(1, '246', [-0.1468720813469858, -0.6826784344631341, -0.2570665808902406, -0.5216009831581446, -0.1423136133929641, -0.1410675995393959, -0.6070569605663406, -0.10806230738849276, -0.33280325827468865, -0.9178786773927895, -0.14600709871060533, -0.6880639111221588, -0.1534474453512897])
(1, '248', [-0.1468720813469858, -0.6826784344631341, -0.2570665808902406, -0.5216009831581446, -0.1423136133929641, -0.1410675995393959, -0.66983740692519, -0.10806230738849276, -0.33280325827468865, -0.9178786773927895, -0.14600709871060533, -0.6880639111221588, -0.1534474453512897])
(1, '249', [-0.1468720813469858, -0.8979413101743324, -0.2570665808902406, -0.5216009831581446, -0.1423136133929641, -0.1410675995393959, -0.6942520249536315, -0.10806230738849276, -0.33280325827468865, -0.9178786773927895, -0.14600709871060533, -0.8976308131280483, -0.1534474453512897])
(1, '250', [-0.1468720813469858, -0.6826784344631341, -0.2570665808902406, -0.5216009831581446, -0.1423136133929641, -0.1410675995393959, -0.6977398275291231, -0.10806230738849276, -0.33280325827468865, -0.9178786773927895, -0.14600709871060533, -0.6880639111221588, -0.1534474453512897])
(1, '252', [-0.1468720813469858, -0.6826784344631341, -0.2570665808902406, -0.5216009831581446, -0.1423136133929641, -0.1410675995393959, -0.7291300507085479, -0.10806230738849276, -0.33280325827468865, -0.9178786773927895, -0.14600709871060533, -0.6880639111221588, -0.1534474453512897])
(1, '254', [-0.1468720813469858, -1.1132041858855308, -0.2570665808902406, -0.5216009831581446, -0.1423136133929641, -1.994565066335155, -0.7953982996428889, -0.10806230738849276, -0.33280325827468865, -1.643694259675489, -0.14600709871060533, -1.1071977151339378, -0.1534474453512897])
(1, '262', [-0.1468720813469858, -0.8979413101743324, -0.2570665808902406, -0.5216009831581446, -0.1423136133929641, -0.1410675995393959, -0.6837886172271566, -0.10806230738849276, -0.33280325827468865, -0.9178786773927895, -0.14600709871060533, -0.8976308131280483, -0.1534474453512897])
(1, '269', [-0.0574736431225896, -0.8979413101743324, 0.10580790967271733, -0.5216009831581446, -0.1423136133929641, -0.1410675995393959, -0.6349593811702737, -0.10806230738849276, 1.4517417806901278, -0.9178786773927895, -0.057609758508639745, -0.8976308131280483, -0.1534474453512897])
(1, '270', [-0.1468720813469858, -1.1132041858855308, -0.2570665808902406, -0.5216009831581446, -0.1423136133929641, -1.994565066335155, -0.7953982996428889, -0.10806230738849276, -0.33280325827468865, -1.643694259675489, -0.14600709871060533, -1.1071977151339378, -0.1534474453512897])
(1, '280', [-0.012774424010391503, -0.6826784344631341, 0.2872451549541963, -0.5216009831581446, -0.1423136133929641, -0.1410675995393959, -0.6942520249536315, -0.10806230738849276, 1.4517417806901278, -0.9178786773927895, -0.013411088407656951, -0.6880639111221588, -0.1534474453512897])
(1, '281', [-0.1468720813469858, -0.6826784344631341, -0.2570665808902406, -0.5216009831581446, -0.1423136133929641, -0.1410675995393959, -0.774471484189939, -0.10806230738849276, -0.33280325827468865, -0.9178786773927895, -0.14600709871060533, -0.6880639111221588, -0.1534474453512897])
(1, '282', [0.0766240142140047, -0.8979413101743324, 0.6501196455171542, -0.5216009831581446, -0.1423136133929641, -0.1410675995393959, -0.641934986321257, -0.10806230738849276, 1.4517417806901278, -0.9178786773927895, 0.07498625179430864, -0.8976308131280483, -0.1534474453512897])
(1, '288', [-0.1468720813469858, -0.8979413101743324, -0.2570665808902406, -0.5216009831581446, -0.1423136133929641, -0.1410675995393959, 0.41486919405270817, -0.10806230738849276, -0.33280325827468865, -0.9178786773927895, -0.14600709871060533, -0.8976308131280483, -0.1534474453512897])
(1, '291', [0.3448193288871933, -1.1132041858855308, 1.7387431172060281, -0.5216009831581446, -0.1423136133929641, -1.994565066335155, -0.7953982996428889, -0.10806230738849276, 1.4517417806901278, -1.643694259675489, 0.3401782724002054, -1.1071977151339378, -0.1534474453512897])
(1, '297', [-0.1468720813469858, -0.6826784344631341, -0.2570665808902406, -0.5216009831581446, -0.1423136133929641, -0.1410675995393959, -0.4919594755751167, -0.10806230738849276, -0.33280325827468865, -0.9178786773927895, -0.14600709871060533, -0.6880639111221588, -0.1534474453512897])
(1, '303', [-0.1468720813469858, -0.6826784344631341, -0.2570665808902406, -0.5216009831581446, -0.1423136133929641, -0.1410675995393959, -0.6907642223781398, -0.10806230738849276, -0.33280325827468865, -0.9178786773927895, -0.14600709871060533, -0.6880639111221588, -0.1534474453512897])
(1, '308', [-0.1468720813469858, -1.1132041858855308, -0.2570665808902406, -0.5216009831581446, -0.1423136133929641, -1.994565066335155, -0.7953982996428889, -0.10806230738849276, -0.33280325827468865, -1.643694259675489, -0.14600709871060533, -1.1071977151339378, -0.1534474453512897])
(1, '312', [-0.10217286223478769, -0.6826784344631341, -0.07562933560876163, -0.5216009831581446, -0.1423136133929641, -0.1410675995393959, -0.7291300507085479, -0.10806230738849276, 1.4517417806901278, -0.9178786773927895, -0.10180842860962254, -0.6880639111221588, -0.1534474453512897])
(1, '314', [0.702413081784778, -0.6826784344631341, 2.645929343613423, 1.5276195130512888, 0.9606168904025065, -0.1410675995393959, -0.6942520249536315, 0.11160533386024642, 3.2362868196549446, -0.9178786773927895, 0.6937676332080677, -0.6880639111221588, 1.5862081636599032])
(1, '316', [-0.1468720813469858, -0.8979413101743324, -0.2570665808902406, -0.5216009831581446, -0.1423136133929641, -0.1410675995393959, -0.7395934584350228, -0.10806230738849276, -0.33280325827468865, -0.9178786773927895, -0.14600709871060533, -0.8976308131280483, -0.1534474453512897])
(1, '326', [-0.1468720813469858, -0.8979413101743324, -0.2570665808902406, -0.5216009831581446, -0.1423136133929641, -0.1410675995393959, -0.5791545399624075, -0.10806230738849276, -0.33280325827468865, -0.9178786773927895, -0.14600709871060533, -0.8976308131280483, -0.1534474453512897])
(1, '328', [-0.1468720813469858, -0.6826784344631341, -0.2570665808902406, -0.5216009831581446, -0.1423136133929641, -0.1410675995393959, -0.36291078028192625, -0.10806230738849276, -0.33280325827468865, -0.9178786773927895, -0.14600709871060533, -0.6880639111221588, -0.1534474453512897])
(1, '331', [0.6130146435603818, -0.25215268304073746, 2.8273665888949018, -0.5216009831581446, -0.1423136133929641, -0.1410675995393959, -0.03156953561022099, -0.10806230738849276, 1.4517417806901278, -0.19206309511009, 0.6053702930061021, -0.26893010711037996, -0.1534474453512897])
(1, '333', [-0.1468720813469858, -1.1132041858855308, -0.2570665808902406, -0.5216009831581446, -0.1423136133929641, -1.994565066335155, -0.7953982996428889, -0.10806230738849276, -0.33280325827468865, -1.643694259675489, -0.14600709871060533, -1.1071977151339378, -0.1534474453512897])
(1, '335', [-0.1468720813469858, -1.1132041858855308, -0.2570665808902406, -0.5216009831581446, -0.1423136133929641, -1.994565066335155, -0.7953982996428889, -0.10806230738849276, -0.33280325827468865, -1.643694259675489, -0.14600709871060533, -1.1071977151339378, -0.1534474453512897])
(1, '337', [0.0766240142140047, -0.8979413101743324, 0.6501196455171542, 1.5276195130512888, -0.1423136133929641, -1.994565066335155, -0.7953982996428889, -0.10806230738849276, 1.4517417806901278, -1.643694259675489, 0.07498625179430864, -0.8976308131280483, -0.1534474453512897])
(1, '342', [-0.012774424010391503, -1.1132041858855308, 0.2872451549541963, -0.5216009831581446, -0.1423136133929641, -1.994565066335155, -0.7953982996428889, -0.10806230738849276, 1.4517417806901278, -1.643694259675489, -0.013411088407656951, -1.1071977151339378, -0.1534474453512897])
(1, '344', [-0.0574736431225896, -0.8979413101743324, 0.10580790967271733, 1.5276195130512888, -0.1423136133929641, -1.994565066335155, -0.7953982996428889, -0.10806230738849276, 1.4517417806901278, -1.643694259675489, -0.057609758508639745, -0.8976308131280483, -0.1534474453512897])
(1, '347', [-0.1468720813469858, -1.1132041858855308, -0.2570665808902406, -0.5216009831581446, -0.1423136133929641, -1.994565066335155, -0.7953982996428889, -0.10806230738849276, -0.33280325827468865, -1.643694259675489, -0.14600709871060533, -1.1071977151339378, -0.1534474453512897])
(1, '350', [1.1941044920189572, -0.6826784344631341, 4.641739041709691, -0.5216009831581446, 2.063547394197977, -0.1410675995393959, -0.5652033296604411, 0.3312729751089856, 3.2362868196549446, -0.9178786773927895, 1.1799530043188784, -0.6880639111221588, 1.5862081636599032])
(1, '351', [-0.10217286223478769, -0.6826784344631341, -0.07562933560876163, 1.5276195130512888, -0.1423136133929641, -0.1410675995393959, -0.7256422481330562, -0.10806230738849276, 1.4517417806901278, -0.9178786773927895, -0.10180842860962254, -0.6880639111221588, -0.1534474453512897])
(1, '352', [-0.1468720813469858, -0.6826784344631341, -0.2570665808902406, -0.5216009831581446, -0.1423136133929641, -0.1410675995393959, 0.0486499236260866, -0.10806230738849276, -0.33280325827468865, -0.9178786773927895, -0.14600709871060533, -0.6880639111221588, -0.1534474453512897])
(1, '355', [-0.1468720813469858, -1.1132041858855308, -0.2570665808902406, -0.5216009831581446, -0.1423136133929641, -1.994565066335155, -0.7953982996428889, -0.10806230738849276, -0.33280325827468865, -1.643694259675489, -0.14600709871060533, -1.1071977151339378, -0.1534474453512897])
(1, '358', [0.0319247951018066, -0.8979413101743324, 0.46868240023567526, -0.5216009831581446, -0.1423136133929641, -0.1410675995393959, 2.6993798809997287, -0.10806230738849276, 1.4517417806901278, -0.9178786773927895, 0.03078758169332584, -0.8976308131280483, -0.1534474453512897])
(1, '362', [-0.1468720813469858, -0.6826784344631341, -0.2570665808902406, 1.5276195130512888, -0.1423136133929641, -0.1410675995393959, -0.6942520249536315, -0.10806230738849276, -0.33280325827468865, -0.9178786773927895, -0.14600709871060533, -0.6880639111221588, -0.1534474453512897])
(1, '368', [-0.1468720813469858, -0.6826784344631341, -0.2570665808902406, 1.5276195130512888, -0.1423136133929641, -0.1410675995393959, 0.29977170906148426, -0.10806230738849276, -0.33280325827468865, -0.9178786773927895, -0.14600709871060533, -0.6880639111221588, -0.1534474453512897])
(1, '376', [-0.1468720813469858, -1.1132041858855308, -0.2570665808902406, -0.5216009831581446, -0.1423136133929641, -1.994565066335155, -0.7953982996428889, -0.10806230738849276, -0.33280325827468865, -1.643694259675489, -0.14600709871060533, -1.1071977151339378, -0.1534474453512897])
(1, '378', [-0.1468720813469858, -0.6826784344631341, -0.2570665808902406, -0.5216009831581446, -0.1423136133929641, -0.1410675995393959, -0.4326668317917589, -0.10806230738849276, -0.33280325827468865, -0.9178786773927895, -0.14600709871060533, -0.6880639111221588, -0.1534474453512897])
(1, '379', [0.2554208906627971, -1.1132041858855308, 1.37586862664307, -0.5216009831581446, -0.1423136133929641, -1.994565066335155, -0.7953982996428889, -0.10806230738849276, 1.4517417806901278, -1.643694259675489, 0.25178093219823977, -1.1071977151339378, -0.1534474453512897])
(1, '385', [-0.1468720813469858, -0.6826784344631341, -0.2570665808902406, -0.5216009831581446, -0.1423136133929641, -0.1410675995393959, -0.5059106858770832, -0.10806230738849276, -0.33280325827468865, -0.9178786773927895, -0.14600709871060533, -0.6880639111221588, -0.1534474453512897])
(1, '387', [-0.1468720813469858, -0.6826784344631341, -0.2570665808902406, -0.5216009831581446, -0.1423136133929641, -0.1410675995393959, -0.784934891916414, -0.10806230738849276, -0.33280325827468865, -0.9178786773927895, -0.14600709871060533, -0.6880639111221588, -0.1534474453512897])
(1, '391', [-0.1468720813469858, -0.8979413101743324, -0.2570665808902406, -0.5216009831581446, -0.1423136133929641, -0.1410675995393959, -0.6244959734437988, -0.10806230738849276, -0.33280325827468865, -0.9178786773927895, -0.14600709871060533, -0.8976308131280483, -0.1534474453512897])
(1, '396', [0.2554208906627971, -0.25215268304073746, 1.37586862664307, -0.5216009831581446, -0.1423136133929641, -0.1410675995393959, 0.254430275580093, -0.10806230738849276, 1.4517417806901278, -0.19206309511009, 0.25178093219823977, -0.26893010711037996, -0.1534474453512897])
(1, '400', [0.3895185479993914, -0.8979413101743324, 1.9201803624875071, -0.5216009831581446, -0.1423136133929641, -0.1410675995393959, -0.6977398275291231, -0.10806230738849276, 1.4517417806901278, -0.9178786773927895, 0.38437694250118815, -0.8976308131280483, -0.1534474453512897])
(1, '406', [-0.1468720813469858, -0.6826784344631341, -0.2570665808902406, -0.5216009831581446, -0.1423136133929641, -0.1410675995393959, -0.4814960678486418, -0.10806230738849276, -0.33280325827468865, -0.9178786773927895, -0.14600709871060533, -0.6880639111221588, -0.1534474453512897])
(1, '408', [-0.1468720813469858, -0.4674155587519358, -0.2570665808902406, -0.5216009831581446, -0.1423136133929641, -0.1410675995393959, -0.718666642982073, -0.10806230738849276, -0.33280325827468865, -0.9178786773927895, -0.14600709871060533, -0.47849700911626936, -0.1534474453512897])
(1, '412', [-0.1468720813469858, -0.6826784344631341, -0.2570665808902406, -0.5216009831581446, -0.1423136133929641, -0.1410675995393959, -0.460569252395692, -0.10806230738849276, -0.33280325827468865, -0.9178786773927895, -0.14600709871060533, -0.6880639111221588, -0.1534474453512897])
(1, '418', [0.5236162053359856, -0.03688980732953918, 0.46868240023567526, 1.5276195130512888, 0.9606168904025065, -0.1410675995393959, 0.24047906527812649, -0.10806230738849276, 3.2362868196549446, -0.19206309511009, 0.5169729528041366, -0.05936320510449048, 1.5862081636599032])
(1, '444', [-0.1468720813469858, -0.8979413101743324, -0.2570665808902406, -0.5216009831581446, -0.1423136133929641, -0.1410675995393959, -0.1850328489318529, -0.10806230738849276, -0.33280325827468865, -0.9178786773927895, -0.14600709871060533, -0.8976308131280483, -0.1534474453512897])
(1, '448', [-0.1468720813469858, -0.6826784344631341, -0.2570665808902406, -0.5216009831581446, -0.1423136133929641, -0.1410675995393959, -0.774471484189939, -0.10806230738849276, -0.33280325827468865, -0.9178786773927895, -0.14600709871060533, -0.6880639111221588, -0.1534474453512897])
(1, '458', [-0.1468720813469858, -0.6826784344631341, -0.2570665808902406, -0.5216009831581446, -0.1423136133929641, -0.1410675995393959, -0.7605202738879725, -0.10806230738849276, -0.33280325827468865, -0.9178786773927895, -0.14600709871060533, -0.6880639111221588, -0.1534474453512897])
(1, '460', [-0.10217286223478769, -0.8979413101743324, -0.07562933560876163, -0.5216009831581446, -0.1423136133929641, -0.1410675995393959, -0.5896179476888824, -0.10806230738849276, 1.4517417806901278, -0.9178786773927895, -0.10180842860962254, -0.8976308131280483, -0.1534474453512897])
(1, '467', [0.16602245243840089, -0.8979413101743324, -0.07562933560876163, -0.5216009831581446, 0.9606168904025065, -0.1410675995393959, -0.5198618961790498, -0.10806230738849276, 3.2362868196549446, -0.9178786773927895, 0.16338359199627422, -0.8976308131280483, 1.5862081636599032])
(1, '481', [-0.1468720813469858, -0.6826784344631341, -0.2570665808902406, -0.5216009831581446, -0.1423136133929641, -0.1410675995393959, -0.6210081708683072, -0.10806230738849276, -0.33280325827468865, -0.9178786773927895, -0.14600709871060533, -0.6880639111221588, -0.1534474453512897])
(1, '482', [-0.1468720813469858, -0.8979413101743324, -0.2570665808902406, 1.5276195130512888, -0.1423136133929641, -1.994565066335155, -0.7953982996428889, -0.10806230738849276, -0.33280325827468865, -1.643694259675489, -0.14600709871060533, -0.8976308131280483, -0.1534474453512897])
(1, '484', [-0.1468720813469858, -1.1132041858855308, -0.2570665808902406, -0.5216009831581446, -0.1423136133929641, -1.994565066335155, -0.7953982996428889, -0.10806230738849276, -0.33280325827468865, -1.643694259675489, -0.14600709871060533, -1.1071977151339378, -0.1534474453512897])
(1, '486', [-0.1468720813469858, -0.8979413101743324, -0.2570665808902406, -0.5216009831581446, -0.1423136133929641, -0.1410675995393959, -0.7221544455575646, -0.10806230738849276, -0.33280325827468865, -0.9178786773927895, -0.14600709871060533, -0.8976308131280483, -0.1534474453512897])
(1, '488', [-0.1468720813469858, -0.6826784344631341, -0.2570665808902406, -0.5216009831581446, -0.1423136133929641, -0.1410675995393959, -0.42569122664077563, -0.10806230738849276, -0.33280325827468865, -0.9178786773927895, -0.14600709871060533, -0.6880639111221588, -0.1534474453512897])
(1, '490', [-0.1468720813469858, -0.6826784344631341, -0.2570665808902406, -0.5216009831581446, -0.1423136133929641, -0.1410675995393959, -0.6768130120761733, -0.10806230738849276, -0.33280325827468865, -0.9178786773927895, -0.14600709871060533, -0.6880639111221588, -0.1534474453512897])
(1, '494', [-0.1468720813469858, -0.8979413101743324, -0.2570665808902406, -0.5216009831581446, -0.1423136133929641, -0.1410675995393959, -0.641934986321257, -0.10806230738849276, -0.33280325827468865, -0.9178786773927895, -0.14600709871060533, -0.8976308131280483, -0.1534474453512897])
(1, '497', [-0.1468720813469858, -1.1132041858855308, -0.2570665808902406, -0.5216009831581446, -0.1423136133929641, -1.994565066335155, -0.7953982996428889, -0.10806230738849276, -0.33280325827468865, -1.643694259675489, -0.14600709871060533, -1.1071977151339378, -0.1534474453512897])
(1, '498', [-0.1468720813469858, -0.8979413101743324, -0.2570665808902406, -0.5216009831581446, -0.1423136133929641, -0.1410675995393959, -0.708203235255598, -0.10806230738849276, -0.33280325827468865, -0.9178786773927895, -0.14600709871060533, -0.8976308131280483, -0.1534474453512897])
(1, '502', [-0.1468720813469858, -0.6826784344631341, -0.2570665808902406, -0.5216009831581446, -0.1423136133929641, -0.1410675995393959, -0.7326178532840395, -0.10806230738849276, -0.33280325827468865, -0.9178786773927895, -0.14600709871060533, -0.6880639111221588, -0.1534474453512897])
(1, '515', [-0.1468720813469858, -0.8979413101743324, -0.2570665808902406, -0.5216009831581446, -0.1423136133929641, -0.1410675995393959, 0.045162121050594965, -0.10806230738849276, -0.33280325827468865, -0.9178786773927895, -0.14600709871060533, -0.8976308131280483, -0.1534474453512897])
(1, '516', [-0.1468720813469858, -1.1132041858855308, -0.2570665808902406, -0.5216009831581446, -0.1423136133929641, -1.994565066335155, -0.7953982996428889, -0.10806230738849276, -0.33280325827468865, -1.643694259675489, -0.14600709871060533, -1.1071977151339378, -0.1534474453512897])
(1, '520', [-0.1468720813469858, -0.6826784344631341, -0.2570665808902406, -0.5216009831581446, -0.1423136133929641, -0.1410675995393959, -0.5163740936035581, -0.10806230738849276, -0.33280325827468865, -0.9178786773927895, -0.14600709871060533, -0.6880639111221588, -0.1534474453512897])
(1, '522', [-0.1468720813469858, -1.1132041858855308, -0.2570665808902406, -0.5216009831581446, -0.1423136133929641, -1.994565066335155, -0.7953982996428889, -0.10806230738849276, -0.33280325827468865, -1.643694259675489, -0.14600709871060533, -1.1071977151339378, -0.1534474453512897])
(1, '532', [-0.1468720813469858, -0.8979413101743324, -0.2570665808902406, -0.5216009831581446, -0.1423136133929641, -0.1410675995393959, -0.3001303339230768, -0.10806230738849276, -0.33280325827468865, -0.9178786773927895, -0.14600709871060533, -0.8976308131280483, -0.1534474453512897])
(1, '535', [-0.1468720813469858, -0.6826784344631341, -0.2570665808902406, -0.5216009831581446, -0.1423136133929641, -0.1410675995393959, 0.18467422407026032, -0.10806230738849276, -0.33280325827468865, -0.9178786773927895, -0.14600709871060533, -0.6880639111221588, -0.1534474453512897])
(1, '536', [-0.1468720813469858, -0.6826784344631341, -0.2570665808902406, -0.5216009831581446, -0.1423136133929641, -0.1410675995393959, -0.4396424369427422, -0.10806230738849276, -0.33280325827468865, -0.9178786773927895, -0.14600709871060533, -0.6880639111221588, -0.1534474453512897])
(1, '543', [1.104706053794561, -0.6826784344631341, 4.460301796428213, -0.5216009831581446, 0.9606168904025065, -0.1410675995393959, 2.001819365901402, 0.11160533386024642, 3.2362868196549446, -0.19206309511009, 1.0915556641169128, -0.6880639111221588, 1.5862081636599032])
(1, '545', [-0.1468720813469858, -0.8979413101743324, -0.2570665808902406, -0.5216009831581446, -0.1423136133929641, -0.1410675995393959, -0.5896179476888824, -0.10806230738849276, -0.33280325827468865, -0.9178786773927895, -0.14600709871060533, -0.8976308131280483, -0.1534474453512897])
(1, '546', [-0.1468720813469858, -1.1132041858855308, -0.2570665808902406, -0.5216009831581446, -0.1423136133929641, -1.994565066335155, -0.7953982996428889, -0.10806230738849276, -0.33280325827468865, -1.643694259675489, -0.14600709871060533, -1.1071977151339378, -0.1534474453512897])
(1, '553', [-0.1468720813469858, -0.8979413101743324, -0.2570665808902406, -0.5216009831581446, -0.1423136133929641, -0.1410675995393959, -0.5931057502643741, -0.10806230738849276, -0.33280325827468865, -0.9178786773927895, -0.14600709871060533, -0.8976308131280483, -0.1534474453512897])
(1, '562', [-0.1468720813469858, -0.6826784344631341, -0.2570665808902406, -0.5216009831581446, -0.1423136133929641, -0.1410675995393959, -0.03156953561022099, -0.10806230738849276, -0.33280325827468865, -0.9178786773927895, -0.14600709871060533, -0.6880639111221588, -0.1534474453512897])
(1, '563', [0.5236162053359856, -0.6826784344631341, 2.464492098331944, 1.5276195130512888, -0.1423136133929641, -0.1410675995393959, -0.4745204626976585, -0.10806230738849276, 1.4517417806901278, -0.9178786773927895, 0.5169729528041366, -0.6880639111221588, -0.1534474453512897])
(1, '564', [-0.1468720813469858, -0.8979413101743324, -0.2570665808902406, -0.5216009831581446, -0.1423136133929641, -0.1410675995393959, -0.7361056558595311, -0.10806230738849276, -0.33280325827468865, -0.9178786773927895, -0.14600709871060533, -0.8976308131280483, -0.1534474453512897])
(1, '572', [0.2554208906627971, -0.4674155587519358, 1.37586862664307, 1.5276195130512888, -0.1423136133929641, -0.1410675995393959, 0.9485029881029281, -0.10806230738849276, 1.4517417806901278, -0.9178786773927895, 0.25178093219823977, -0.47849700911626936, -0.1534474453512897])
(1, '573', [-0.1468720813469858, -0.8979413101743324, -0.2570665808902406, -0.5216009831581446, -0.1423136133929641, -0.1410675995393959, -0.7326178532840395, -0.10806230738849276, -0.33280325827468865, -0.9178786773927895, -0.14600709871060533, -0.8976308131280483, -0.1534474453512897])
(1, '575', [-0.1468720813469858, -0.8979413101743324, -0.2570665808902406, -0.5216009831581446, -0.1423136133929641, -0.1410675995393959, -0.3280327545270099, -0.10806230738849276, -0.33280325827468865, -0.9178786773927895, -0.14600709871060533, -0.8976308131280483, -0.1534474453512897])
(1, '576', [-0.1468720813469858, -0.6826784344631341, -0.2570665808902406, -0.5216009831581446, -0.1423136133929641, -0.1410675995393959, -0.6768130120761733, -0.10806230738849276, -0.33280325827468865, -0.9178786773927895, -0.14600709871060533, -0.6880639111221588, -0.1534474453512897])
(1, '577', [-0.1468720813469858, -0.6826784344631341, -0.2570665808902406, -0.5216009831581446, -0.1423136133929641, -0.1410675995393959, -0.7500568661614977, -0.10806230738849276, -0.33280325827468865, -0.9178786773927895, -0.14600709871060533, -0.6880639111221588, -0.1534474453512897])
(1, '578', [-0.1468720813469858, -0.6826784344631341, -0.2570665808902406, -0.5216009831581446, -0.1423136133929641, -0.1410675995393959, -0.43615463436725055, -0.10806230738849276, -0.33280325827468865, -0.9178786773927895, -0.14600709871060533, -0.6880639111221588, -0.1534474453512897])
(1, '585', [-0.1468720813469858, -1.1132041858855308, -0.2570665808902406, -0.5216009831581446, -0.1423136133929641, -1.994565066335155, -0.7953982996428889, -0.10806230738849276, -0.33280325827468865, -1.643694259675489, -0.14600709871060533, -1.1071977151339378, -0.1534474453512897])
(1, '591', [-0.1468720813469858, -0.6826784344631341, -0.2570665808902406, -0.5216009831581446, -0.1423136133929641, -0.1410675995393959, -0.5826423425378991, -0.10806230738849276, -0.33280325827468865, -0.9178786773927895, -0.14600709871060533, -0.6880639111221588, -0.1534474453512897])
(1, '602', [-0.1468720813469858, -0.8979413101743324, -0.2570665808902406, -0.5216009831581446, -0.1423136133929641, -0.1410675995393959, -0.5198618961790498, -0.10806230738849276, -0.33280325827468865, -0.9178786773927895, -0.14600709871060533, -0.8976308131280483, -0.1534474453512897])
(1, '607', [-0.1468720813469858, -1.1132041858855308, -0.2570665808902406, -0.5216009831581446, -0.1423136133929641, -1.994565066335155, -0.7953982996428889, -0.10806230738849276, -0.33280325827468865, -1.643694259675489, -0.14600709871060533, -1.1071977151339378, -0.1534474453512897])
(1, '608', [-0.1468720813469858, -0.8979413101743324, -0.2570665808902406, -0.5216009831581446, -0.1423136133929641, -0.1410675995393959, -0.5477643167829829, -0.10806230738849276, -0.33280325827468865, -0.9178786773927895, -0.14600709871060533, -0.8976308131280483, -0.1534474453512897])
(1, '618', [-0.1468720813469858, -0.8979413101743324, -0.2570665808902406, 1.5276195130512888, -0.1423136133929641, -1.994565066335155, -0.7953982996428889, -0.10806230738849276, -0.33280325827468865, -1.643694259675489, -0.14600709871060533, -0.8976308131280483, -0.1534474453512897])
(1, '627', [-0.1468720813469858, -1.1132041858855308, -0.2570665808902406, -0.5216009831581446, -0.1423136133929641, -1.994565066335155, -0.7953982996428889, -0.10806230738849276, -0.33280325827468865, -1.643694259675489, -0.14600709871060533, -1.1071977151339378, -0.1534474453512897])
(1, '631', [-0.1468720813469858, -0.4674155587519358, -0.2570665808902406, 1.5276195130512888, -0.1423136133929641, -0.1410675995393959, -0.2268864798377525, -0.10806230738849276, -0.33280325827468865, -0.9178786773927895, -0.14600709871060533, -0.47849700911626936, -0.1534474453512897])
(1, '632', [-0.1468720813469858, -0.6826784344631341, -0.2570665808902406, 1.5276195130512888, -0.1423136133929641, -0.1410675995393959, -0.5407887116319996, -0.10806230738849276, -0.33280325827468865, -0.9178786773927895, -0.14600709871060533, -0.6880639111221588, -0.1534474453512897])
(1, '634', [-0.1468720813469858, -1.1132041858855308, -0.2570665808902406, -0.5216009831581446, -0.1423136133929641, -1.994565066335155, -0.7953982996428889, -0.10806230738849276, -0.33280325827468865, -1.643694259675489, -0.14600709871060533, -1.1071977151339378, -0.1534474453512897])
(1, '635', [-0.1468720813469858, -1.1132041858855308, -0.2570665808902406, -0.5216009831581446, -0.1423136133929641, -1.994565066335155, -0.7953982996428889, -0.10806230738849276, -0.33280325827468865, -1.643694259675489, -0.14600709871060533, -1.1071977151339378, -0.1534474453512897])
(1, '639', [-0.1468720813469858, -0.6826784344631341, -0.2570665808902406, -0.5216009831581446, -0.1423136133929641, -0.1410675995393959, 0.06260113392805314, -0.10806230738849276, -0.33280325827468865, -0.9178786773927895, -0.14600709871060533, -0.6880639111221588, -0.1534474453512897])
(1, '640', [-0.1468720813469858, -0.8979413101743324, -0.2570665808902406, -0.5216009831581446, -0.1423136133929641, -0.1410675995393959, -0.7395934584350228, -0.10806230738849276, -0.33280325827468865, -0.9178786773927895, -0.14600709871060533, -0.8976308131280483, -0.1534474453512897])
(1, '642', [-0.1468720813469858, -0.6826784344631341, -0.2570665808902406, -0.5216009831581446, -0.1423136133929641, -0.1410675995393959, 0.33813753739189223, -0.10806230738849276, -0.33280325827468865, -0.9178786773927895, -0.14600709871060533, -0.6880639111221588, -0.1534474453512897])
(1, '650', [-0.1468720813469858, -1.1132041858855308, -0.2570665808902406, -0.5216009831581446, -0.1423136133929641, -1.994565066335155, -0.7953982996428889, -0.10806230738849276, -0.33280325827468865, -1.643694259675489, -0.14600709871060533, -1.1071977151339378, -0.1534474453512897])
(1, '653', [-0.1468720813469858, -1.1132041858855308, -0.2570665808902406, -0.5216009831581446, -0.1423136133929641, -1.994565066335155, -0.7953982996428889, -0.10806230738849276, -0.33280325827468865, -1.643694259675489, -0.14600709871060533, -1.1071977151339378, -0.1534474453512897])
(1, '660', [-0.1468720813469858, -1.1132041858855308, -0.2570665808902406, -0.5216009831581446, -0.1423136133929641, -1.994565066335155, -0.7953982996428889, -0.10806230738849276, -0.33280325827468865, -1.643694259675489, -0.14600709871060533, -1.1071977151339378, -0.1534474453512897])
(1, '667', [0.3448193288871933, -0.03688980732953918, 1.7387431172060281, 1.5276195130512888, -0.1423136133929641, -0.1410675995393959, 0.0591133313525615, -0.10806230738849276, 1.4517417806901278, -0.19206309511009, 0.3401782724002054, -0.05936320510449048, -0.1534474453512897])
(1, '668', [-0.1468720813469858, -1.1132041858855308, -0.2570665808902406, -0.5216009831581446, -0.1423136133929641, -1.994565066335155, -0.7953982996428889, -0.10806230738849276, -0.33280325827468865, -1.643694259675489, -0.14600709871060533, -1.1071977151339378, -0.1534474453512897])
(1, '669', [-0.1468720813469858, -0.6826784344631341, -0.2570665808902406, -0.5216009831581446, -0.1423136133929641, -0.1410675995393959, -0.6942520249536315, -0.10806230738849276, -0.33280325827468865, -0.9178786773927895, -0.14600709871060533, -0.6880639111221588, -0.1534474453512897])
(1, '674', [-0.1468720813469858, -0.8979413101743324, -0.2570665808902406, -0.5216009831581446, -0.1423136133929641, -0.1410675995393959, 0.19862543437222688, -0.10806230738849276, -0.33280325827468865, -0.9178786773927895, -0.14600709871060533, -0.8976308131280483, -0.1534474453512897])
(1, '675', [-0.1468720813469858, -0.6826784344631341, -0.2570665808902406, -0.5216009831581446, -0.1423136133929641, -0.1410675995393959, -0.7570324713124809, -0.10806230738849276, -0.33280325827468865, -0.9178786773927895, -0.14600709871060533, -0.6880639111221588, -0.1534474453512897])
(1, '676', [-0.1468720813469858, -1.1132041858855308, -0.2570665808902406, -0.5216009831581446, -0.1423136133929641, -1.994565066335155, -0.7953982996428889, -0.10806230738849276, -0.33280325827468865, -1.643694259675489, -0.14600709871060533, -1.1071977151339378, -0.1534474453512897])
(1, '678', [-0.1468720813469858, -0.6826784344631341, -0.2570665808902406, -0.5216009831581446, -0.1423136133929641, -0.1410675995393959, -0.29315472877209353, -0.10806230738849276, -0.33280325827468865, -0.9178786773927895, -0.14600709871060533, -0.6880639111221588, -0.1534474453512897])
(1, '681', [-0.1468720813469858, -1.1132041858855308, -0.2570665808902406, -0.5216009831581446, -0.1423136133929641, -1.994565066335155, -0.7953982996428889, -0.10806230738849276, -0.33280325827468865, -1.643694259675489, -0.14600709871060533, -1.1071977151339378, -0.1534474453512897])
(1, '682', [-0.1468720813469858, -1.1132041858855308, -0.2570665808902406, -0.5216009831581446, -0.1423136133929641, -1.994565066335155, -0.7953982996428889, -0.10806230738849276, -0.33280325827468865, -1.643694259675489, -0.14600709871060533, -1.1071977151339378, -0.1534474453512897])
(1, '684', [-0.1468720813469858, -0.8979413101743324, -0.2570665808902406, -0.5216009831581446, -0.1423136133929641, -0.1410675995393959, -0.526837501330033, -0.10806230738849276, -0.33280325827468865, -0.9178786773927895, -0.14600709871060533, -0.8976308131280483, -0.1534474453512897])
(1, '685', [-0.1468720813469858, -0.8979413101743324, -0.2570665808902406, -0.5216009831581446, -0.1423136133929641, -0.1410675995393959, -0.6768130120761733, -0.10806230738849276, -0.33280325827468865, -0.9178786773927895, -0.14600709871060533, -0.8976308131280483, -0.1534474453512897])
(1, '690', [-0.1468720813469858, -0.6826784344631341, -0.2570665808902406, -0.5216009831581446, -0.1423136133929641, -0.1410675995393959, -0.6628618017742068, -0.10806230738849276, -0.33280325827468865, -0.9178786773927895, -0.14600709871060533, -0.6880639111221588, -0.1534474453512897])
(1, '691', [0.0319247951018066, -0.8979413101743324, 0.46868240023567526, -0.5216009831581446, -0.1423136133929641, -0.1410675995393959, -0.3489595699799597, -0.10806230738849276, 1.4517417806901278, -0.9178786773927895, 0.03078758169332584, -0.8976308131280483, -0.1534474453512897])
(1, '692', [0.4342177671115895, -0.6826784344631341, 1.37586862664307, 1.5276195130512888, 2.063547394197977, -0.1410675995393959, -0.708203235255598, 0.11160533386024642, 3.2362868196549446, -0.9178786773927895, 0.4285756126021709, -0.6880639111221588, 1.5862081636599032])
(1, '696', [-0.1468720813469858, -1.1132041858855308, -0.2570665808902406, -0.5216009831581446, -0.1423136133929641, -1.994565066335155, -0.7953982996428889, -0.10806230738849276, -0.33280325827468865, -1.643694259675489, -0.14600709871060533, -1.1071977151339378, -0.1534474453512897])
(1, '697', [-0.1468720813469858, -1.1132041858855308, -0.2570665808902406, -0.5216009831581446, -0.1423136133929641, -1.994565066335155, -0.7953982996428889, -0.10806230738849276, -0.33280325827468865, -1.643694259675489, -0.14600709871060533, -1.1071977151339378, -0.1534474453512897])
(1, '702', [0.12132323332620279, -0.6826784344631341, 0.8315568907986332, -0.5216009831581446, -0.1423136133929641, -0.1410675995393959, -0.05598415363866243, -0.10806230738849276, 1.4517417806901278, -0.9178786773927895, 0.11918492189529142, -0.6880639111221588, -0.1534474453512897])
(1, '704', [-0.1468720813469858, -1.1132041858855308, -0.2570665808902406, -0.5216009831581446, -0.1423136133929641, -1.994565066335155, -0.7953982996428889, -0.10806230738849276, -0.33280325827468865, -1.643694259675489, -0.14600709871060533, -1.1071977151339378, -0.1534474453512897])
(1, '707', [-0.1468720813469858, -1.1132041858855308, -0.2570665808902406, -0.5216009831581446, -0.1423136133929641, -1.994565066335155, -0.7953982996428889, -0.10806230738849276, -0.33280325827468865, -1.643694259675489, -0.14600709871060533, -1.1071977151339378, -0.1534474453512897])
(1, '713', [-0.1468720813469858, -0.8979413101743324, -0.2570665808902406, -0.5216009831581446, -0.1423136133929641, -0.1410675995393959, -0.6733252095006816, -0.10806230738849276, -0.33280325827468865, -0.9178786773927895, -0.14600709871060533, -0.8976308131280483, -0.1534474453512897])
(1, '716', [-0.1468720813469858, -0.6826784344631341, -0.2570665808902406, -0.5216009831581446, -0.1423136133929641, -0.1410675995393959, 0.19513763179673524, -0.10806230738849276, -0.33280325827468865, -0.9178786773927895, -0.14600709871060533, -0.6880639111221588, -0.1534474453512897])
(1, '718', [0.5236162053359856, -0.4674155587519358, 2.464492098331944, -0.5216009831581446, -0.1423136133929641, -0.1410675995393959, 0.6346007563086812, -0.10806230738849276, 1.4517417806901278, -0.9178786773927895, 0.5169729528041366, -0.47849700911626936, -0.1534474453512897])
(1, '719', [-0.1468720813469858, -0.6826784344631341, -0.2570665808902406, -0.5216009831581446, -0.1423136133929641, -0.1410675995393959, -0.5791545399624075, -0.10806230738849276, -0.33280325827468865, -0.9178786773927895, -0.14600709871060533, -0.6880639111221588, -0.1534474453512897])
(1, '720', [-0.1468720813469858, -1.1132041858855308, -0.2570665808902406, -0.5216009831581446, -0.1423136133929641, -1.994565066335155, -0.7953982996428889, -0.10806230738849276, -0.33280325827468865, -1.643694259675489, -0.14600709871060533, -1.1071977151339378, -0.1534474453512897])
(1, '726', [-0.1468720813469858, -0.8979413101743324, -0.2570665808902406, -0.5216009831581446, -0.1423136133929641, -0.1410675995393959, -0.6663496043496984, -0.10806230738849276, -0.33280325827468865, -0.9178786773927895, -0.14600709871060533, -0.8976308131280483, -0.1534474453512897])
(1, '727', [-0.1468720813469858, -1.1132041858855308, -0.2570665808902406, -0.5216009831581446, -0.1423136133929641, -1.994565066335155, -0.7953982996428889, -0.10806230738849276, -0.33280325827468865, -1.643694259675489, -0.14600709871060533, -1.1071977151339378, -0.1534474453512897])
(1, '735', [-0.1468720813469858, -0.6826784344631341, -0.2570665808902406, -0.5216009831581446, -0.1423136133929641, -0.1410675995393959, -0.7674958790389558, -0.10806230738849276, -0.33280325827468865, -0.9178786773927895, -0.14600709871060533, -0.6880639111221588, -0.1534474453512897])
(1, '739', [-0.1468720813469858, -0.6826784344631341, -0.2570665808902406, -0.5216009831581446, -0.1423136133929641, -0.1410675995393959, -0.7640080764634641, -0.10806230738849276, -0.33280325827468865, -0.9178786773927895, -0.14600709871060533, -0.6880639111221588, -0.1534474453512897])
(1, '750', [-0.1468720813469858, -1.1132041858855308, -0.2570665808902406, -0.5216009831581446, -0.1423136133929641, -1.994565066335155, -0.7953982996428889, -0.10806230738849276, -0.33280325827468865, -1.643694259675489, -0.14600709871060533, -1.1071977151339378, -0.1534474453512897])
(1, '751', [-0.1468720813469858, -0.6826784344631341, -0.2570665808902406, -0.5216009831581446, -0.1423136133929641, -0.1410675995393959, -0.03854514076120426, -0.10806230738849276, -0.33280325827468865, -0.9178786773927895, -0.14600709871060533, -0.6880639111221588, -0.1534474453512897])
(1, '752', [-0.1468720813469858, -0.6826784344631341, -0.2570665808902406, -0.5216009831581446, -0.1423136133929641, -0.1410675995393959, -0.7500568661614977, -0.10806230738849276, -0.33280325827468865, -0.9178786773927895, -0.14600709871060533, -0.6880639111221588, -0.1534474453512897])
(1, '753', [0.3448193288871933, -0.8979413101743324, 1.7387431172060281, -0.5216009831581446, -0.1423136133929641, -0.1410675995393959, -0.26176450559266884, -0.10806230738849276, 1.4517417806901278, -0.9178786773927895, 0.3401782724002054, -0.8976308131280483, -0.1534474453512897])
(1, '755', [-0.1468720813469858, -0.8979413101743324, -0.2570665808902406, -0.5216009831581446, -0.1423136133929641, -0.1410675995393959, -0.6837886172271566, -0.10806230738849276, -0.33280325827468865, -0.9178786773927895, -0.14600709871060533, -0.8976308131280483, -0.1534474453512897])
(1, '756', [-0.1468720813469858, -1.1132041858855308, -0.2570665808902406, -0.5216009831581446, -0.1423136133929641, -1.994565066335155, -0.7953982996428889, -0.10806230738849276, -0.33280325827468865, -1.643694259675489, -0.14600709871060533, -1.1071977151339378, -0.1534474453512897])
(1, '758', [-0.1468720813469858, -0.6826784344631341, -0.2570665808902406, -0.5216009831581446, -0.1423136133929641, -0.1410675995393959, -0.526837501330033, -0.10806230738849276, -0.33280325827468865, -0.9178786773927895, -0.14600709871060533, -0.6880639111221588, -0.1534474453512897])
(1, '764', [-0.1468720813469858, -0.6826784344631341, -0.2570665808902406, -0.5216009831581446, -0.1423136133929641, -0.1410675995393959, -0.5652033296604411, -0.10806230738849276, -0.33280325827468865, -0.9178786773927895, -0.14600709871060533, -0.6880639111221588, -0.1534474453512897])
(1, '768', [-0.1468720813469858, -0.8979413101743324, -0.2570665808902406, -0.5216009831581446, -0.1423136133929641, -0.1410675995393959, -0.708203235255598, -0.10806230738849276, -0.33280325827468865, -0.9178786773927895, -0.14600709871060533, -0.8976308131280483, -0.1534474453512897])
(1, '770', [-0.1468720813469858, -0.6826784344631341, -0.2570665808902406, -0.5216009831581446, -0.1423136133929641, -0.1410675995393959, -0.5931057502643741, -0.10806230738849276, -0.33280325827468865, -0.9178786773927895, -0.14600709871060533, -0.6880639111221588, -0.1534474453512897])
(1, '771', [-0.1468720813469858, -0.6826784344631341, -0.2570665808902406, -0.5216009831581446, -0.1423136133929641, -0.1410675995393959, -0.24083769013971904, -0.10806230738849276, -0.33280325827468865, -0.9178786773927895, -0.14600709871060533, -0.6880639111221588, -0.1534474453512897])
(1, '780', [-0.1468720813469858, -0.8979413101743324, -0.2570665808902406, -0.5216009831581446, -0.1423136133929641, -0.1410675995393959, -0.4919594755751167, -0.10806230738849276, -0.33280325827468865, -0.9178786773927895, -0.14600709871060533, -0.8976308131280483, -0.1534474453512897])
(1, '781', [-0.1468720813469858, -1.1132041858855308, -0.2570665808902406, -0.5216009831581446, -0.1423136133929641, -1.994565066335155, -0.7953982996428889, -0.10806230738849276, -0.33280325827468865, -1.643694259675489, -0.14600709871060533, -1.1071977151339378, -0.1534474453512897])
(1, '782', [1.104706053794561, -0.6826784344631341, 2.645929343613423, 1.5276195130512888, 4.269408401788918, -0.1410675995393959, -0.44661804209372546, 0.5509406163577248, 3.2362868196549446, -0.9178786773927895, 1.0915556641169128, -0.6880639111221588, 3.3258637726710965])
(1, '790', [-0.1468720813469858, -0.8979413101743324, -0.2570665808902406, -0.5216009831581446, -0.1423136133929641, -0.1410675995393959, -0.4884716729996251, -0.10806230738849276, -0.33280325827468865, -0.9178786773927895, -0.14600709871060533, -0.8976308131280483, -0.1534474453512897])
(1, '792', [-0.1468720813469858, -1.1132041858855308, -0.2570665808902406, -0.5216009831581446, -0.1423136133929641, -1.994565066335155, -0.7953982996428889, -0.10806230738849276, -0.33280325827468865, -1.643694259675489, -0.14600709871060533, -1.1071977151339378, -0.1534474453512897])
(1, '794', [-0.1468720813469858, -0.4674155587519358, -0.2570665808902406, 1.5276195130512888, -0.1423136133929641, -0.1410675995393959, -0.19898405923381943, -0.10806230738849276, -0.33280325827468865, -0.9178786773927895, -0.14600709871060533, -0.47849700911626936, -0.1534474453512897])
(1, '797', [-0.1468720813469858, -0.8979413101743324, -0.2570665808902406, -0.5216009831581446, -0.1423136133929641, -0.1410675995393959, -0.6070569605663406, -0.10806230738849276, -0.33280325827468865, -0.9178786773927895, -0.14600709871060533, -0.8976308131280483, -0.1534474453512897])
(1, '806', [-0.1468720813469858, -0.6826784344631341, -0.2570665808902406, -0.5216009831581446, -0.1423136133929641, -0.1410675995393959, -0.6349593811702737, -0.10806230738849276, -0.33280325827468865, -0.9178786773927895, -0.14600709871060533, -0.6880639111221588, -0.1534474453512897])
(1, '809', [-0.1468720813469858, -0.8979413101743324, -0.2570665808902406, -0.5216009831581446, -0.1423136133929641, -0.1410675995393959, -0.2513010978661939, -0.10806230738849276, -0.33280325827468865, -0.9178786773927895, -0.14600709871060533, -0.8976308131280483, -0.1534474453512897])
(1, '810', [-0.1468720813469858, -0.8979413101743324, -0.2570665808902406, 1.5276195130512888, -0.1423136133929641, -1.994565066335155, -0.7953982996428889, -0.10806230738849276, -0.33280325827468865, -1.643694259675489, -0.14600709871060533, -0.8976308131280483, -0.1534474453512897])
(1, '812', [-0.1468720813469858, -1.1132041858855308, -0.2570665808902406, -0.5216009831581446, -0.1423136133929641, -1.994565066335155, -0.7953982996428889, -0.10806230738849276, -0.33280325827468865, -1.643694259675489, -0.14600709871060533, -1.1071977151339378, -0.1534474453512897])
(1, '813', [-0.1468720813469858, -1.1132041858855308, -0.2570665808902406, -0.5216009831581446, -0.1423136133929641, -1.994565066335155, -0.7953982996428889, -0.10806230738849276, -0.33280325827468865, -1.643694259675489, -0.14600709871060533, -1.1071977151339378, -0.1534474453512897])
(1, '815', [-0.1468720813469858, -1.1132041858855308, -0.2570665808902406, -0.5216009831581446, -0.1423136133929641, -1.994565066335155, -0.7953982996428889, -0.10806230738849276, -0.33280325827468865, -1.643694259675489, -0.14600709871060533, -1.1071977151339378, -0.1534474453512897])
(1, '816', [-0.1468720813469858, -0.6826784344631341, -0.2570665808902406, -0.5216009831581446, -0.1423136133929641, -0.1410675995393959, -0.03854514076120426, -0.10806230738849276, -0.33280325827468865, -0.9178786773927895, -0.14600709871060533, -0.6880639111221588, -0.1534474453512897])
(1, '824', [-0.1468720813469858, -0.8979413101743324, -0.2570665808902406, -0.5216009831581446, -0.1423136133929641, -0.1410675995393959, -0.7605202738879725, -0.10806230738849276, -0.33280325827468865, -0.9178786773927895, -0.14600709871060533, -0.8976308131280483, -0.1534474453512897])
(1, '828', [-0.1468720813469858, -0.6826784344631341, -0.2570665808902406, -0.5216009831581446, -0.1423136133929641, -0.1410675995393959, -0.4675448575466753, -0.10806230738849276, -0.33280325827468865, -0.9178786773927895, -0.14600709871060533, -0.6880639111221588, -0.1534474453512897])
(1, '833', [0.12132323332620279, -1.1132041858855308, 0.8315568907986332, -0.5216009831581446, -0.1423136133929641, -1.994565066335155, -0.7953982996428889, -0.10806230738849276, 1.4517417806901278, -1.643694259675489, 0.11918492189529142, -1.1071977151339378, -0.1534474453512897])
(1, '835', [-0.1468720813469858, -0.6826784344631341, -0.2570665808902406, -0.5216009831581446, -0.1423136133929641, -0.1410675995393959, -0.6733252095006816, -0.10806230738849276, -0.33280325827468865, -0.9178786773927895, -0.14600709871060533, -0.6880639111221588, -0.1534474453512897])
(1, '836', [-0.1468720813469858, -1.1132041858855308, -0.2570665808902406, -0.5216009831581446, -0.1423136133929641, -1.994565066335155, -0.7953982996428889, -0.10806230738849276, -0.33280325827468865, -1.643694259675489, -0.14600709871060533, -1.1071977151339378, -0.1534474453512897])
(1, '838', [-0.1468720813469858, -1.1132041858855308, -0.2570665808902406, -0.5216009831581446, -0.1423136133929641, -1.994565066335155, -0.7953982996428889, -0.10806230738849276, -0.33280325827468865, -1.643694259675489, -0.14600709871060533, -1.1071977151339378, -0.1534474453512897])
(1, '839', [-0.1468720813469858, -0.8979413101743324, -0.2570665808902406, 1.5276195130512888, -0.1423136133929641, -1.994565066335155, -0.7953982996428889, -0.10806230738849276, -0.33280325827468865, -1.643694259675489, -0.14600709871060533, -0.8976308131280483, -0.1534474453512897])
(1, '841', [-0.1468720813469858, -1.1132041858855308, -0.2570665808902406, -0.5216009831581446, -0.1423136133929641, -1.994565066335155, -0.7953982996428889, -0.10806230738849276, -0.33280325827468865, -1.643694259675489, -0.14600709871060533, -1.1071977151339378, -0.1534474453512897])
(1, '842', [-0.1468720813469858, -0.8979413101743324, -0.2570665808902406, -0.5216009831581446, -0.1423136133929641, -0.1410675995393959, -0.6663496043496984, -0.10806230738849276, -0.33280325827468865, -0.9178786773927895, -0.14600709871060533, -0.8976308131280483, -0.1534474453512897])
(1, '843', [-0.1468720813469858, -1.1132041858855308, -0.2570665808902406, -0.5216009831581446, -0.1423136133929641, -1.994565066335155, -0.7953982996428889, -0.10806230738849276, -0.33280325827468865, -1.643694259675489, -0.14600709871060533, -1.1071977151339378, -0.1534474453512897])
(1, '844', [1.3729013684677496, -0.6826784344631341, 1.9201803624875071, 1.5276195130512888, 5.372338905584389, -0.1410675995393959, -0.6803008146516649, 1.6492788226014208, 3.2362868196549446, -0.9178786773927895, 1.3567476847228095, -0.6880639111221588, 5.0655193816822885])
(1, '846', [-0.1468720813469858, -0.8979413101743324, -0.2570665808902406, -0.5216009831581446, -0.1423136133929641, -0.1410675995393959, -0.6070569605663406, -0.10806230738849276, -0.33280325827468865, -0.9178786773927895, -0.14600709871060533, -0.8976308131280483, -0.1534474453512897])
(1, '852', [-0.1468720813469858, -0.8979413101743324, -0.2570665808902406, -0.5216009831581446, -0.1423136133929641, -0.1410675995393959, -0.5617155270849494, -0.10806230738849276, -0.33280325827468865, -0.9178786773927895, -0.14600709871060533, -0.8976308131280483, -0.1534474453512897])
(1, '857', [-0.1468720813469858, -1.1132041858855308, -0.2570665808902406, -0.5216009831581446, -0.1423136133929641, -1.994565066335155, -0.7953982996428889, -0.10806230738849276, -0.33280325827468865, -1.643694259675489, -0.14600709871060533, -1.1071977151339378, -0.1534474453512897])
(1, '861', [-0.1468720813469858, -1.1132041858855308, -0.2570665808902406, -0.5216009831581446, -0.1423136133929641, -1.994565066335155, -0.7953982996428889, -0.10806230738849276, -0.33280325827468865, -1.643694259675489, -0.14600709871060533, -1.1071977151339378, -0.1534474453512897])
(1, '862', [-0.10217286223478769, -1.1132041858855308, -0.07562933560876163, -0.5216009831581446, -0.1423136133929641, -1.994565066335155, -0.7953982996428889, -0.10806230738849276, 1.4517417806901278, -1.643694259675489, -0.10180842860962254, -1.1071977151339378, -0.1534474453512897])
(1, '866', [-0.1468720813469858, -1.1132041858855308, -0.2570665808902406, -0.5216009831581446, -0.1423136133929641, -1.994565066335155, -0.7953982996428889, -0.10806230738849276, -0.33280325827468865, -1.643694259675489, -0.14600709871060533, -1.1071977151339378, -0.1534474453512897])
(1, '869', [-0.1468720813469858, -0.6826784344631341, -0.2570665808902406, -0.5216009831581446, -0.1423136133929641, -0.1410675995393959, -0.0838865742425955, -0.10806230738849276, -0.33280325827468865, -0.9178786773927895, -0.14600709871060533, -0.6880639111221588, -0.1534474453512897])
(1, '870', [-0.1468720813469858, -0.6826784344631341, -0.2570665808902406, -0.5216009831581446, -0.1423136133929641, -0.1410675995393959, -0.4501058446692171, -0.10806230738849276, -0.33280325827468865, -0.9178786773927895, -0.14600709871060533, -0.6880639111221588, -0.1534474453512897])
(1, '874', [-0.1468720813469858, -0.6826784344631341, -0.2570665808902406, -0.5216009831581446, -0.1423136133929641, -0.1410675995393959, -0.6628618017742068, -0.10806230738849276, -0.33280325827468865, -0.9178786773927895, -0.14600709871060533, -0.6880639111221588, -0.1534474453512897])
(1, '878', [0.21072167155059898, -1.1132041858855308, 1.0129941360801122, -0.5216009831581446, 0.9606168904025065, -1.994565066335155, -0.7953982996428889, -0.10806230738849276, 3.2362868196549446, -1.643694259675489, 0.207582262097257, -1.1071977151339378, 1.5862081636599032])
(1, '880', [-0.1468720813469858, -0.6826784344631341, -0.2570665808902406, -0.5216009831581446, -0.1423136133929641, -0.1410675995393959, -0.017618325308254454, -0.10806230738849276, -0.33280325827468865, -0.9178786773927895, -0.14600709871060533, -0.6880639111221588, -0.1534474453512897])
(1, '883', [-0.1468720813469858, -0.8979413101743324, -0.2570665808902406, -0.5216009831581446, -0.1423136133929641, -0.1410675995393959, -0.5791545399624075, -0.10806230738849276, -0.33280325827468865, -0.9178786773927895, -0.14600709871060533, -0.8976308131280483, -0.1534474453512897])
(1, '885', [-0.1468720813469858, -0.8979413101743324, -0.2570665808902406, -0.5216009831581446, -0.1423136133929641, -0.1410675995393959, -0.5163740936035581, -0.10806230738849276, -0.33280325827468865, -0.9178786773927895, -0.14600709871060533, -0.8976308131280483, -0.1534474453512897])
(1, '887', [-0.1468720813469858, -0.6826784344631341, -0.2570665808902406, -0.5216009831581446, -0.1423136133929641, -0.1410675995393959, -0.7570324713124809, -0.10806230738849276, -0.33280325827468865, -0.9178786773927895, -0.14600709871060533, -0.6880639111221588, -0.1534474453512897])
(1, '891', [-0.1468720813469858, -0.6826784344631341, -0.2570665808902406, -0.5216009831581446, -0.1423136133929641, -0.1410675995393959, -0.28966692619660195, -0.10806230738849276, -0.33280325827468865, -0.9178786773927895, -0.14600709871060533, -0.6880639111221588, -0.1534474453512897])
(1, '895', [-0.1468720813469858, -0.8979413101743324, -0.2570665808902406, -0.5216009831581446, -0.1423136133929641, -0.1410675995393959, -0.6872764198026482, -0.10806230738849276, -0.33280325827468865, -0.9178786773927895, -0.14600709871060533, -0.8976308131280483, -0.1534474453512897])
(1, '899', [-0.1468720813469858, -0.6826784344631341, -0.2570665808902406, -0.5216009831581446, -0.1423136133929641, -0.1410675995393959, -0.4082522137633175, -0.10806230738849276, -0.33280325827468865, -0.9178786773927895, -0.14600709871060533, -0.6880639111221588, -0.1534474453512897])
(1, '902', [-0.1468720813469858, -0.6826784344631341, -0.2570665808902406, -0.5216009831581446, -0.1423136133929641, -0.1410675995393959, -0.708203235255598, -0.10806230738849276, -0.33280325827468865, -0.9178786773927895, -0.14600709871060533, -0.6880639111221588, -0.1534474453512897])
(1, '905', [-0.1468720813469858, -0.8979413101743324, -0.2570665808902406, -0.5216009831581446, -0.1423136133929641, -0.1410675995393959, -0.7395934584350228, -0.10806230738849276, -0.33280325827468865, -0.9178786773927895, -0.14600709871060533, -0.8976308131280483, -0.1534474453512897])
(1, '906', [-0.1468720813469858, -0.8979413101743324, -0.2570665808902406, -0.5216009831581446, -0.1423136133929641, -0.1410675995393959, -0.66983740692519, -0.10806230738849276, -0.33280325827468865, -0.9178786773927895, -0.14600709871060533, -0.8976308131280483, -0.1534474453512897])
(1, '907', [-0.1468720813469858, -0.8979413101743324, -0.2570665808902406, -0.5216009831581446, -0.1423136133929641, -0.1410675995393959, -0.6768130120761733, -0.10806230738849276, -0.33280325827468865, -0.9178786773927895, -0.14600709871060533, -0.8976308131280483, -0.1534474453512897])
(1, '908', [-0.1468720813469858, -1.1132041858855308, -0.2570665808902406, -0.5216009831581446, -0.1423136133929641, -1.994565066335155, -0.7953982996428889, -0.10806230738849276, -0.33280325827468865, -1.643694259675489, -0.14600709871060533, -1.1071977151339378, -0.1534474453512897])
(1, '909', [-0.1468720813469858, -0.6826784344631341, -0.2570665808902406, 1.5276195130512888, -0.1423136133929641, -0.1410675995393959, -0.6279837760192905, -0.10806230738849276, -0.33280325827468865, -0.9178786773927895, -0.14600709871060533, -0.6880639111221588, -0.1534474453512897])
(1, '910', [-0.1468720813469858, -0.6826784344631341, -0.2570665808902406, 1.5276195130512888, -0.1423136133929641, -0.1410675995393959, -0.7953982996428889, -0.10806230738849276, -0.33280325827468865, -0.9178786773927895, -0.14600709871060533, -0.6880639111221588, -0.1534474453512897])
(1, '913', [-0.10217286223478769, -0.8979413101743324, -0.07562933560876163, -0.5216009831581446, -0.1423136133929641, -0.1410675995393959, -0.2164230721112776, -0.10806230738849276, 1.4517417806901278, -0.9178786773927895, -0.10180842860962254, -0.8976308131280483, -0.1534474453512897])
(1, '915', [-0.1468720813469858, -0.6826784344631341, -0.2570665808902406, 1.5276195130512888, -0.1423136133929641, -0.1410675995393959, 0.3939423785997584, -0.10806230738849276, -0.33280325827468865, -0.9178786773927895, -0.14600709871060533, -0.6880639111221588, -0.1534474453512897])
(1, '919', [-0.1468720813469858, -0.8979413101743324, -0.2570665808902406, -0.5216009831581446, -0.1423136133929641, -0.1410675995393959, -0.1850328489318529, -0.10806230738849276, -0.33280325827468865, -0.9178786773927895, -0.14600709871060533, -0.8976308131280483, -0.1534474453512897])
(1, '921', [-0.1468720813469858, -0.8979413101743324, -0.2570665808902406, -0.5216009831581446, -0.1423136133929641, -0.1410675995393959, -0.6942520249536315, -0.10806230738849276, -0.33280325827468865, -0.9178786773927895, -0.14600709871060533, -0.8976308131280483, -0.1534474453512897])
(1, '930', [0.0319247951018066, -0.8979413101743324, 0.46868240023567526, -0.5216009831581446, -0.1423136133929641, -0.1410675995393959, -0.48498387042413343, -0.10806230738849276, 1.4517417806901278, -0.9178786773927895, 0.03078758169332584, -0.8976308131280483, -0.1534474453512897])
(1, '931', [-0.1468720813469858, -0.6826784344631341, -0.2570665808902406, -0.5216009831581446, -0.1423136133929641, -0.1410675995393959, -0.04552074591218753, -0.10806230738849276, -0.33280325827468865, -0.9178786773927895, -0.14600709871060533, -0.6880639111221588, -0.1534474453512897])
(1, '932', [0.8365107391213724, -0.8979413101743324, 3.7345528153022967, -0.5216009831581446, -0.1423136133929641, -0.1410675995393959, -0.5896179476888824, -0.10806230738849276, 1.4517417806901278, -0.9178786773927895, 0.8263636435110161, -0.8976308131280483, -0.1534474453512897])
(1, '935', [-0.1468720813469858, -0.6826784344631341, -0.2570665808902406, -0.5216009831581446, -0.1423136133929641, -0.1410675995393959, -0.3419839648289764, -0.10806230738849276, -0.33280325827468865, -0.9178786773927895, -0.14600709871060533, -0.6880639111221588, -0.1534474453512897])
(1, '938', [-0.1468720813469858, -1.1132041858855308, -0.2570665808902406, -0.5216009831581446, -0.1423136133929641, -1.994565066335155, -0.7953982996428889, -0.10806230738849276, -0.33280325827468865, -1.643694259675489, -0.14600709871060533, -1.1071977151339378, -0.1534474453512897])
(1, '940', [-0.1468720813469858, -1.1132041858855308, -0.2570665808902406, -0.5216009831581446, -0.1423136133929641, -1.994565066335155, -0.7953982996428889, -0.10806230738849276, -0.33280325827468865, -1.643694259675489, -0.14600709871060533, -1.1071977151339378, -0.1534474453512897])
(1, '945', [-0.1468720813469858, -1.1132041858855308, -0.2570665808902406, -0.5216009831581446, -0.1423136133929641, -1.994565066335155, -0.7953982996428889, -0.10806230738849276, -0.33280325827468865, -1.643694259675489, -0.14600709871060533, -1.1071977151339378, -0.1534474453512897])
(1, '947', [-0.1468720813469858, -0.6826784344631341, -0.2570665808902406, -0.5216009831581446, -0.1423136133929641, -0.1410675995393959, -0.40476441118782586, -0.10806230738849276, -0.33280325827468865, -0.9178786773927895, -0.14600709871060533, -0.6880639111221588, -0.1534474453512897])
(1, '949', [-0.0574736431225896, -0.25215268304073746, 0.10580790967271733, 1.5276195130512888, -0.1423136133929641, -0.1410675995393959, -0.16759383605439473, -0.10806230738849276, 1.4517417806901278, -0.19206309511009, -0.057609758508639745, -0.26893010711037996, -0.1534474453512897])
(1, '954', [-0.1468720813469858, -1.1132041858855308, -0.2570665808902406, -0.5216009831581446, -0.1423136133929641, -1.994565066335155, -0.7953982996428889, -0.10806230738849276, -0.33280325827468865, -1.643694259675489, -0.14600709871060533, -1.1071977151339378, -0.1534474453512897])
(1, '962', [-0.1468720813469858, -0.4674155587519358, -0.2570665808902406, 1.5276195130512888, -0.1423136133929641, -0.1410675995393959, -0.05598415363866243, -0.10806230738849276, -0.33280325827468865, -0.9178786773927895, -0.14600709871060533, -0.47849700911626936, -0.1534474453512897])
(1, '964', [-0.1468720813469858, -1.1132041858855308, -0.2570665808902406, -0.5216009831581446, -0.1423136133929641, -1.994565066335155, -0.7953982996428889, -0.10806230738849276, -0.33280325827468865, -1.643694259675489, -0.14600709871060533, -1.1071977151339378, -0.1534474453512897])
(1, '969', [-0.1468720813469858, -0.8979413101743324, -0.2570665808902406, -0.5216009831581446, -0.1423136133929641, -0.1410675995393959, -0.5303253039055247, -0.10806230738849276, -0.33280325827468865, -0.9178786773927895, -0.14600709871060533, -0.8976308131280483, -0.1534474453512897])
(1, '970', [-0.10217286223478769, -0.6826784344631341, -0.07562933560876163, -0.5216009831581446, -0.1423136133929641, -0.1410675995393959, -0.20247186180931107, -0.10806230738849276, 1.4517417806901278, -0.9178786773927895, -0.10180842860962254, -0.6880639111221588, -0.1534474453512897])
(1, '971', [0.0319247951018066, -0.03688980732953918, 0.46868240023567526, 1.5276195130512888, -0.1423136133929641, -0.1410675995393959, -0.47800826527315016, -0.10806230738849276, 1.4517417806901278, -0.19206309511009, 0.03078758169332584, -0.05936320510449048, -0.1534474453512897])
(1, '973', [-0.1468720813469858, -0.4674155587519358, -0.2570665808902406, 1.5276195130512888, -0.1423136133929641, -0.1410675995393959, -0.5721789348114243, -0.10806230738849276, -0.33280325827468865, -0.9178786773927895, -0.14600709871060533, -0.47849700911626936, -0.1534474453512897])
(1, '974', [-0.1468720813469858, -1.1132041858855308, -0.2570665808902406, -0.5216009831581446, -0.1423136133929641, -1.994565066335155, -0.7953982996428889, -0.10806230738849276, -0.33280325827468865, -1.643694259675489, -0.14600709871060533, -1.1071977151339378, -0.1534474453512897])
(1, '978', [-0.1468720813469858, -1.1132041858855308, -0.2570665808902406, -0.5216009831581446, -0.1423136133929641, -1.994565066335155, -0.7953982996428889, -0.10806230738849276, -0.33280325827468865, -1.643694259675489, -0.14600709871060533, -1.1071977151339378, -0.1534474453512897])
(1, '980', [-0.1468720813469858, -0.4674155587519358, -0.2570665808902406, -0.5216009831581446, -0.1423136133929641, -0.1410675995393959, -0.02459393045923772, -0.10806230738849276, -0.33280325827468865, -0.9178786773927895, -0.14600709871060533, -0.47849700911626936, -0.1534474453512897])
(1, '981', [-0.1468720813469858, -0.8979413101743324, -0.2570665808902406, -0.5216009831581446, -0.1423136133929641, -0.1410675995393959, 0.683429992365564, -0.10806230738849276, -0.33280325827468865, -0.9178786773927895, -0.14600709871060533, -0.8976308131280483, -0.1534474453512897])
(1, '987', [-0.1468720813469858, -1.1132041858855308, -0.2570665808902406, -0.5216009831581446, -0.1423136133929641, -1.994565066335155, -0.7953982996428889, -0.10806230738849276, -0.33280325827468865, -1.643694259675489, -0.14600709871060533, -1.1071977151339378, -0.1534474453512897])
(1, '988', [-0.1468720813469858, -1.1132041858855308, -0.2570665808902406, -0.5216009831581446, -0.1423136133929641, -1.994565066335155, -0.7953982996428889, -0.10806230738849276, -0.33280325827468865, -1.643694259675489, -0.14600709871060533, -1.1071977151339378, -0.1534474453512897])
(1, '989', [-0.1468720813469858, -0.6826784344631341, -0.2570665808902406, -0.5216009831581446, -0.1423136133929641, -0.1410675995393959, -0.6000813554153573, -0.10806230738849276, -0.33280325827468865, -0.9178786773927895, -0.14600709871060533, -0.6880639111221588, -0.1534474453512897])
(1, '1005', [-0.1468720813469858, -1.1132041858855308, -0.2570665808902406, -0.5216009831581446, -0.1423136133929641, -1.994565066335155, -0.7953982996428889, -0.10806230738849276, -0.33280325827468865, -1.643694259675489, -0.14600709871060533, -1.1071977151339378, -0.1534474453512897])
(1, '1006', [-0.012774424010391503, -0.6826784344631341, 0.2872451549541963, -0.5216009831581446, -0.1423136133929641, -0.1410675995393959, 0.149796198315344, -0.10806230738849276, 1.4517417806901278, -0.9178786773927895, -0.013411088407656951, -0.6880639111221588, -0.1534474453512897])
(1, '1009', [0.3448193288871933, -0.4674155587519358, 1.7387431172060281, -0.5216009831581446, -0.1423136133929641, -0.1410675995393959, 0.43230820693016636, -0.10806230738849276, 1.4517417806901278, -0.19206309511009, 0.3401782724002054, -0.47849700911626936, -0.1534474453512897])
(1, '1016', [-0.1468720813469858, -0.6826784344631341, -0.2570665808902406, -0.5216009831581446, -0.1423136133929641, -0.1410675995393959, -0.7500568661614977, -0.10806230738849276, -0.33280325827468865, -0.9178786773927895, -0.14600709871060533, -0.6880639111221588, -0.1534474453512897])
(1, '1018', [0.0766240142140047, -1.1132041858855308, 0.6501196455171542, -0.5216009831581446, -0.1423136133929641, -1.994565066335155, -0.7953982996428889, -0.10806230738849276, 1.4517417806901278, -1.643694259675489, 0.07498625179430864, -1.1071977151339378, -0.1534474453512897])
