(1, '1024', [-0.1468720813469858, -1.1132041858855308, -0.2570665808902406, -0.5216009831581446, -0.1423136133929641, -1.994565066335155, -0.7953982996428889, -0.10806230738849276, -0.33280325827468865, -1.643694259675489, -0.14600709871060533, -1.1071977151339378, -0.1534474453512897])
(1, '1025', [0.12132323332620279, -0.4674155587519358, 0.8315568907986332, -0.5216009831581446, -0.1423136133929641, -0.1410675995393959, 0.23001565755165157, -0.10806230738849276, 1.4517417806901278, -0.19206309511009, 0.11918492189529142, -0.47849700911626936, -0.1534474453512897])
(1, '1036', [1.1494052729067592, -0.6826784344631341, 4.8231762869911705, 3.576840009260722, 0.9606168904025065, -1.994565066335155, -0.7953982996428889, 0.3312729751089856, 3.2362868196549446, -1.643694259675489, 1.1357543342178955, -0.6880639111221588, 1.5862081636599032])
(1, '1038', [-0.1468720813469858, -1.1132041858855308, -0.2570665808902406, -0.5216009831581446, -0.1423136133929641, -1.994565066335155, -0.7953982996428889, -0.10806230738849276, -0.33280325827468865, -1.643694259675489, -0.14600709871060533, -1.1071977151339378, -0.1534474453512897])
(1, '1040', [-0.1468720813469858, -1.1132041858855308, -0.2570665808902406, -0.5216009831581446, -0.1423136133929641, -1.994565066335155, -0.7953982996428889, -0.10806230738849276, -0.33280325827468865, -1.643694259675489, -0.14600709871060533, -1.1071977151339378, -0.1534474453512897])
(1, '1045', [-0.1468720813469858, -0.6826784344631341, -0.2570665808902406, -0.5216009831581446, -0.1423136133929641, -0.1410675995393959, 0.24745467042910974, -0.10806230738849276, -0.33280325827468865, -0.9178786773927895, -0.14600709871060533, -0.6880639111221588, -0.1534474453512897])
(1, '1055', [0.5236162053359856, -1.1132041858855308, 2.464492098331944, -0.5216009831581446, -0.1423136133929641, -1.994565066335155, -0.7953982996428889, -0.10806230738849276, 1.4517417806901278, -1.643694259675489, 0.5169729528041366, -1.1071977151339378, -0.1534474453512897])
(1, '1060', [-0.1468720813469858, -0.6826784344631341, -0.2570665808902406, -0.5216009831581446, -0.1423136133929641, -0.1410675995393959, -0.2268864798377525, -0.10806230738849276, -0.33280325827468865, -0.9178786773927895, -0.14600709871060533, -0.6880639111221588, -0.1534474453512897])
(1, '1067', [-0.1468720813469858, -1.1132041858855308, -0.2570665808902406, -0.5216009831581446, -0.1423136133929641, -1.994565066335155, -0.7953982996428889, -0.10806230738849276, -0.33280325827468865, -1.643694259675489, -0.14600709871060533, -1.1071977151339378, -0.1534474453512897])
(1, '1068', [-0.1468720813469858, -0.6826784344631341, -0.2570665808902406, -0.5216009831581446, -0.1423136133929641, -0.1410675995393959, -0.7012276301046148, -0.10806230738849276, -0.33280325827468865, -0.9178786773927895, -0.14600709871060533, -0.6880639111221588, -0.1534474453512897])
(1, '1075', [-0.1468720813469858, -0.8979413101743324, -0.2570665808902406, -0.5216009831581446, -0.1423136133929641, -0.1410675995393959, -0.35593517513094297, -0.10806230738849276, -0.33280325827468865, -0.9178786773927895, -0.14600709871060533, -0.8976308131280483, -0.1534474453512897])
(1, '1076', [-0.1468720813469858, -0.6826784344631341, -0.2570665808902406, -0.5216009831581446, -0.1423136133929641, -0.1410675995393959, -0.19898405923381943, -0.10806230738849276, -0.33280325827468865, -0.9178786773927895, -0.14600709871060533, -0.6880639111221588, -0.1534474453512897])
(1, '1080', [0.6130146435603818, -1.1132041858855308, 2.8273665888949018, -0.5216009831581446, -0.1423136133929641, -1.994565066335155, -0.7953982996428889, -0.10806230738849276, 1.4517417806901278, -1.643694259675489, 0.6053702930061021, -1.1071977151339378, -0.1534474453512897])
(1, '1081', [-0.1468720813469858, -1.1132041858855308, -0.2570665808902406, -0.5216009831581446, -0.1423136133929641, -1.994565066335155, -0.7953982996428889, -0.10806230738849276, -0.33280325827468865, -1.643694259675489, -0.14600709871060533, -1.1071977151339378, -0.1534474453512897])
(1, '1093', [-0.1468720813469858, -1.1132041858855308, -0.2570665808902406, -0.5216009831581446, -0.1423136133929641, -1.994565066335155, -0.7953982996428889, -0.10806230738849276, -0.33280325827468865, -1.643694259675489, -0.14600709871060533, -1.1071977151339378, -0.1534474453512897])
(1, '1094', [-0.1468720813469858, -0.6826784344631341, -0.2570665808902406, 1.5276195130512888, -0.1423136133929641, -0.1410675995393959, -0.575666737386916, -0.10806230738849276, -0.33280325827468865, -0.9178786773927895, -0.14600709871060533, -0.6880639111221588, -0.1534474453512897])
(1, '1096', [-0.1468720813469858, -0.6826784344631341, -0.2570665808902406, -0.5216009831581446, -0.1423136133929641, -0.1410675995393959, -0.37337418800840116, -0.10806230738849276, -0.33280325827468865, -0.9178786773927895, -0.14600709871060533, -0.47849700911626936, -0.1534474453512897])
(1, '1103', [-0.1468720813469858, -0.6826784344631341, -0.2570665808902406, -0.5216009831581446, -0.1423136133929641, -0.1410675995393959, -0.7709836816144474, -0.10806230738849276, -0.33280325827468865, -0.9178786773927895, -0.14600709871060533, -0.6880639111221588, -0.1534474453512897])
(1, '1116', [-0.1468720813469858, -0.8979413101743324, -0.2570665808902406, -0.5216009831581446, -0.1423136133929641, -0.1410675995393959, -0.17108163862988635, -0.10806230738849276, -0.33280325827468865, -0.9178786773927895, -0.14600709871060533, -0.8976308131280483, -0.1534474453512897])
(1, '1117', [-0.10217286223478769, -0.4674155587519358, -0.07562933560876163, 1.5276195130512888, -0.1423136133929641, -0.1410675995393959, -0.7884226944919056, -0.10806230738849276, 1.4517417806901278, -0.9178786773927895, -0.10180842860962254, -0.47849700911626936, -0.1534474453512897])
(1, '1120', [-0.1468720813469858, -1.1132041858855308, -0.2570665808902406, -0.5216009831581446, -0.1423136133929641, -1.994565066335155, -0.7953982996428889, -0.10806230738849276, -0.33280325827468865, -1.643694259675489, -0.14600709871060533, -1.1071977151339378, -0.1534474453512897])
(1, '1125', [-0.1468720813469858, -0.6826784344631341, -0.2570665808902406, 3.576840009260722, -0.1423136133929641, -1.994565066335155, -0.7953982996428889, -0.10806230738849276, -0.33280325827468865, -1.643694259675489, -0.14600709871060533, -0.6880639111221588, -0.1534474453512897])
(1, '1133', [-0.1468720813469858, -1.1132041858855308, -0.2570665808902406, -0.5216009831581446, -0.1423136133929641, -1.994565066335155, -0.7953982996428889, -0.10806230738849276, -0.33280325827468865, -1.643694259675489, -0.14600709871060533, -1.1071977151339378, -0.1534474453512897])
(1, '1142', [-0.1468720813469858, -0.8979413101743324, -0.2570665808902406, 1.5276195130512888, -0.1423136133929641, -1.994565066335155, -0.7953982996428889, -0.10806230738849276, -0.33280325827468865, -1.643694259675489, -0.14600709871060533, -0.8976308131280483, -0.1534474453512897])
(1, '1143', [-0.1468720813469858, -0.8979413101743324, -0.2570665808902406, -0.5216009831581446, -0.1423136133929641, -0.1410675995393959, -0.5512521193584745, -0.10806230738849276, -0.33280325827468865, -0.9178786773927895, -0.14600709871060533, -0.8976308131280483, -0.1534474453512897])
(1, '1145', [-0.1468720813469858, -0.8979413101743324, -0.2570665808902406, -0.5216009831581446, -0.1423136133929641, -0.1410675995393959, 0.26838148588205957, -0.10806230738849276, -0.33280325827468865, -0.9178786773927895, -0.14600709871060533, -0.8976308131280483, -0.1534474453512897])
(1, '1148', [-0.1468720813469858, -0.8979413101743324, -0.2570665808902406, -0.5216009831581446, -0.1423136133929641, -0.1410675995393959, -0.7570324713124809, -0.10806230738849276, -0.33280325827468865, -0.9178786773927895, -0.14600709871060533, -0.8976308131280483, -0.1534474453512897])
(1, '1151', [0.4789169862237876, 0.17837306838165914, 1.37586862664307, 1.5276195130512888, 2.063547394197977, -0.1410675995393959, 0.7183080181204804, 0.5509406163577248, 3.2362868196549446, -0.19206309511009, 0.47277428270315375, 0.15020369690139898, 3.3258637726710965])
(1, '1152', [-0.1468720813469858, -0.8979413101743324, -0.2570665808902406, -0.5216009831581446, -0.1423136133929641, -0.1410675995393959, -0.5198618961790498, -0.10806230738849276, -0.33280325827468865, -0.9178786773927895, -0.14600709871060533, -0.8976308131280483, -0.1534474453512897])
(1, '1156', [-0.1468720813469858, -0.8979413101743324, -0.2570665808902406, -0.5216009831581446, -0.1423136133929641, -0.1410675995393959, 0.13235718543788583, -0.10806230738849276, -0.33280325827468865, -0.9178786773927895, -0.14600709871060533, -0.8976308131280483, -0.1534474453512897])
(1, '1157', [-0.1468720813469858, -0.8979413101743324, -0.2570665808902406, -0.5216009831581446, -0.1423136133929641, -0.1410675995393959, -0.5617155270849494, -0.10806230738849276, -0.33280325827468865, -0.9178786773927895, -0.14600709871060533, -0.8976308131280483, -0.1534474453512897])
(1, '1163', [-0.1468720813469858, -0.8979413101743324, -0.2570665808902406, -0.5216009831581446, -0.1423136133929641, -0.1410675995393959, -0.746569063586006, -0.10806230738849276, -0.33280325827468865, -0.9178786773927895, -0.14600709871060533, -0.8976308131280483, -0.1534474453512897])
(1, '1169', [-0.1468720813469858, -0.6826784344631341, -0.2570665808902406, -0.5216009831581446, -0.1423136133929641, -0.1410675995393959, -0.5965935528398657, -0.10806230738849276, -0.33280325827468865, -0.9178786773927895, -0.14600709871060533, -0.6880639111221588, -0.1534474453512897])
(1, '1170', [-0.012774424010391503, -0.8979413101743324, 0.2872451549541963, -0.5216009831581446, -0.1423136133929641, -0.1410675995393959, -0.3977888060368426, -0.10806230738849276, 1.4517417806901278, -0.9178786773927895, -0.013411088407656951, -0.8976308131280483, -0.1534474453512897])
(1, '1181', [0.0766240142140047, -0.8979413101743324, 0.6501196455171542, 1.5276195130512888, -0.1423136133929641, -1.994565066335155, -0.7953982996428889, -0.10806230738849276, 1.4517417806901278, -1.643694259675489, 0.07498625179430864, -0.8976308131280483, -0.1534474453512897])
(1, '1186', [-0.1468720813469858, -0.8979413101743324, -0.2570665808902406, -0.5216009831581446, -0.1423136133929641, -0.1410675995393959, -0.6942520249536315, -0.10806230738849276, -0.33280325827468865, -0.9178786773927895, -0.14600709871060533, -0.8976308131280483, -0.1534474453512897])
(1, '1189', [-0.1468720813469858, -0.4674155587519358, -0.2570665808902406, 1.5276195130512888, -0.1423136133929641, -0.1410675995393959, -0.5791545399624075, -0.10806230738849276, -0.33280325827468865, -0.9178786773927895, -0.14600709871060533, -0.47849700911626936, -0.1534474453512897])
(1, '1195', [-0.1468720813469858, -0.8979413101743324, -0.2570665808902406, -0.5216009831581446, -0.1423136133929641, -0.1410675995393959, -0.5896179476888824, -0.10806230738849276, -0.33280325827468865, -0.9178786773927895, -0.14600709871060533, -0.8976308131280483, -0.1534474453512897])
(1, '1200', [-0.1468720813469858, -1.1132041858855308, -0.2570665808902406, -0.5216009831581446, -0.1423136133929641, -1.994565066335155, -0.7953982996428889, -0.10806230738849276, -0.33280325827468865, -1.643694259675489, -0.14600709871060533, -1.1071977151339378, -0.1534474453512897])
(1, '1202', [1.6857959022531364, -0.8979413101743324, 2.2830548530504653, -0.5216009831581446, 3.166477897993447, -0.1410675995393959, -0.746569063586006, 1.8689464638501598, 5.020831858619761, -0.9178786773927895, 1.6661383754296892, -0.8976308131280483, 5.0655193816822885])
(1, '1205', [-0.1468720813469858, -0.4674155587519358, -0.2570665808902406, 1.5276195130512888, -0.1423136133929641, -0.1410675995393959, -0.7326178532840395, -0.10806230738849276, -0.33280325827468865, -0.9178786773927895, -0.14600709871060533, -0.47849700911626936, -0.1534474453512897])
(1, '1209', [-0.1468720813469858, -0.6826784344631341, -0.2570665808902406, -0.5216009831581446, -0.1423136133929641, -0.1410675995393959, -0.2478132952907023, -0.10806230738849276, -0.33280325827468865, -0.9178786773927895, -0.14600709871060533, -0.6880639111221588, -0.1534474453512897])
(1, '1214', [-0.1468720813469858, -1.1132041858855308, -0.2570665808902406, -0.5216009831581446, -0.1423136133929641, -1.994565066335155, -0.7953982996428889, -0.10806230738849276, -0.33280325827468865, -1.643694259675489, -0.14600709871060533, -1.1071977151339378, -0.1534474453512897])
(1, '1218', [-0.1468720813469858, -0.8979413101743324, -0.2570665808902406, -0.5216009831581446, -0.1423136133929641, -0.1410675995393959, 0.11840597513591929, -0.10806230738849276, -0.33280325827468865, -0.9178786773927895, -0.14600709871060533, -0.8976308131280483, -0.1534474453512897])
(1, '1219', [-0.1468720813469858, -0.6826784344631341, -0.2570665808902406, -0.5216009831581446, -0.1423136133929641, -0.1410675995393959, -0.6523983940477319, -0.10806230738849276, -0.33280325827468865, -0.9178786773927895, -0.14600709871060533, -0.6880639111221588, -0.1534474453512897])
(1, '1221', [-0.0574736431225896, -0.6826784344631341, 0.10580790967271733, -0.5216009831581446, -0.1423136133929641, -0.1410675995393959, -0.5198618961790498, -0.10806230738849276, 1.4517417806901278, -0.19206309511009, -0.057609758508639745, -0.6880639111221588, -0.1534474453512897])
(1, '1225', [-0.1468720813469858, -0.6826784344631341, -0.2570665808902406, -0.5216009831581446, -0.1423136133929641, -0.1410675995393959, -0.537300909056508, -0.10806230738849276, -0.33280325827468865, -0.9178786773927895, -0.14600709871060533, -0.6880639111221588, -0.1534474453512897])
(1, '1235', [-0.1468720813469858, -1.1132041858855308, -0.2570665808902406, -0.5216009831581446, -0.1423136133929641, -1.994565066335155, -0.7953982996428889, -0.10806230738849276, -0.33280325827468865, -1.643694259675489, -0.14600709871060533, -1.1071977151339378, -0.1534474453512897])
(1, '1246', [-0.1468720813469858, -0.6826784344631341, -0.2570665808902406, -0.5216009831581446, -0.1423136133929641, -0.1410675995393959, -0.5407887116319996, -0.10806230738849276, -0.33280325827468865, -0.9178786773927895, -0.14600709871060533, -0.6880639111221588, -0.1534474453512897])
(1, '1248', [-0.1468720813469858, -1.1132041858855308, -0.2570665808902406, -0.5216009831581446, -0.1423136133929641, -1.994565066335155, -0.7953982996428889, -0.10806230738849276, -0.33280325827468865, -1.643694259675489, -0.14600709871060533, -1.1071977151339378, -0.1534474453512897])
(1, '1255', [-0.10217286223478769, -0.8979413101743324, -0.07562933560876163, -0.5216009831581446, -0.1423136133929641, -0.1410675995393959, -0.6210081708683072, -0.10806230738849276, 1.4517417806901278, -0.9178786773927895, -0.10180842860962254, -0.8976308131280483, -0.1534474453512897])
(1, '1273', [-0.1468720813469858, -0.6826784344631341, -0.2570665808902406, -0.5216009831581446, -0.1423136133929641, -0.1410675995393959, 0.292796103910501, -0.10806230738849276, -0.33280325827468865, -0.9178786773927895, -0.14600709871060533, -0.6880639111221588, -0.1534474453512897])
(1, '1277', [-0.1468720813469858, -0.6826784344631341, -0.2570665808902406, -0.5216009831581446, -0.1423136133929641, -0.1410675995393959, -0.537300909056508, -0.10806230738849276, -0.33280325827468865, -0.9178786773927895, -0.14600709871060533, -0.6880639111221588, -0.1534474453512897])
(1, '1281', [1.3729013684677496, -0.03688980732953918, 5.911799758680044, -0.5216009831581446, -0.1423136133929641, -0.1410675995393959, -0.5652033296604411, -0.10806230738849276, 1.4517417806901278, 0.5337524871726095, 1.3567476847228095, -0.05936320510449048, -0.1534474453512897])
(1, '1284', [-0.012774424010391503, -1.1132041858855308, 0.2872451549541963, -0.5216009831581446, -0.1423136133929641, -1.994565066335155, -0.7953982996428889, -0.10806230738849276, 1.4517417806901278, -1.643694259675489, -0.013411088407656951, -1.1071977151339378, -0.1534474453512897])
(1, '1286', [-0.1468720813469858, -1.1132041858855308, -0.2570665808902406, -0.5216009831581446, -0.1423136133929641, -1.994565066335155, -0.7953982996428889, -0.10806230738849276, -0.33280325827468865, -1.643694259675489, -0.14600709871060533, -1.1071977151339378, -0.1534474453512897])
(1, '1288', [-0.1468720813469858, -0.6826784344631341, -0.2570665808902406, -0.5216009831581446, -0.1423136133929641, -0.1410675995393959, -0.7151788404065813, -0.10806230738849276, -0.33280325827468865, -0.9178786773927895, -0.14600709871060533, -0.6880639111221588, -0.1534474453512897])
(1, '1292', [-0.1468720813469858, -0.8979413101743324, -0.2570665808902406, 1.5276195130512888, -0.1423136133929641, -1.994565066335155, -0.7953982996428889, -0.10806230738849276, -0.33280325827468865, -1.643694259675489, -0.14600709871060533, -0.8976308131280483, -0.1534474453512897])
(1, '1294', [-0.1468720813469858, -1.1132041858855308, -0.2570665808902406, -0.5216009831581446, -0.1423136133929641, -1.994565066335155, -0.7953982996428889, -0.10806230738849276, -0.33280325827468865, -1.643694259675489, -0.14600709871060533, -1.1071977151339378, -0.1534474453512897])
(1, '1298', [-0.1468720813469858, -1.1132041858855308, -0.2570665808902406, -0.5216009831581446, -0.1423136133929641, -1.994565066335155, -0.7953982996428889, -0.10806230738849276, -0.33280325827468865, -1.643694259675489, -0.14600709871060533, -1.1071977151339378, -0.1534474453512897])
(1, '1300', [-0.1468720813469858, -1.1132041858855308, -0.2570665808902406, -0.5216009831581446, -0.1423136133929641, -1.994565066335155, -0.7953982996428889, -0.10806230738849276, -0.33280325827468865, -1.643694259675489, -0.14600709871060533, -1.1071977151339378, -0.1534474453512897])
(1, '1312', [-0.1468720813469858, -1.1132041858855308, -0.2570665808902406, -0.5216009831581446, -0.1423136133929641, -1.994565066335155, -0.7953982996428889, -0.10806230738849276, -0.33280325827468865, -1.643694259675489, -0.14600709871060533, -1.1071977151339378, -0.1534474453512897])
(1, '1317', [0.0319247951018066, -0.8979413101743324, 0.46868240023567526, -0.5216009831581446, -0.1423136133929641, -0.1410675995393959, -0.7500568661614977, -0.10806230738849276, 1.4517417806901278, -0.9178786773927895, 0.03078758169332584, -0.8976308131280483, -0.1534474453512897])
(1, '1321', [-0.1468720813469858, -1.1132041858855308, -0.2570665808902406, -0.5216009831581446, -0.1423136133929641, -1.994565066335155, -0.7953982996428889, -0.10806230738849276, -0.33280325827468865, -1.643694259675489, -0.14600709871060533, -1.1071977151339378, -0.1534474453512897])
(1, '1322', [-0.1468720813469858, -0.8979413101743324, -0.2570665808902406, 1.5276195130512888, -0.1423136133929641, -1.994565066335155, -0.7953982996428889, -0.10806230738849276, -0.33280325827468865, -1.643694259675489, -0.14600709871060533, -0.8976308131280483, -0.1534474453512897])
(1, '1323', [-0.1468720813469858, -1.1132041858855308, -0.2570665808902406, -0.5216009831581446, -0.1423136133929641, -1.994565066335155, -0.7953982996428889, -0.10806230738849276, -0.33280325827468865, -1.643694259675489, -0.14600709871060533, -1.1071977151339378, -0.1534474453512897])
(1, '1324', [-0.1468720813469858, -0.8979413101743324, -0.2570665808902406, -0.5216009831581446, -0.1423136133929641, -0.1410675995393959, 0.9450151855274365, -0.10806230738849276, -0.33280325827468865, -0.9178786773927895, -0.14600709871060533, -0.8976308131280483, -0.1534474453512897])
(1, '1325', [-0.1468720813469858, -0.8979413101743324, -0.2570665808902406, 1.5276195130512888, -0.1423136133929641, -1.994565066335155, -0.7953982996428889, -0.10806230738849276, -0.33280325827468865, -1.643694259675489, -0.14600709871060533, -0.8976308131280483, -0.1534474453512897])
(1, '1327', [-0.1468720813469858, -0.6826784344631341, -0.2570665808902406, -0.5216009831581446, -0.1423136133929641, -0.1410675995393959, -0.49544727815060835, -0.10806230738849276, -0.33280325827468865, -0.9178786773927895, -0.14600709871060533, -0.6880639111221588, -0.1534474453512897])
(1, '1333', [0.4789169862237876, -0.6826784344631341, 2.2830548530504653, -0.5216009831581446, -0.1423136133929641, -0.1410675995393959, -0.21293526953578598, -0.10806230738849276, 1.4517417806901278, -0.9178786773927895, 0.47277428270315375, -0.6880639111221588, -0.1534474453512897])
(1, '1337', [0.4789169862237876, -0.25215268304073746, 2.1016176077689863, -0.5216009831581446, 0.9606168904025065, -0.1410675995393959, 1.1612589452079178, -0.10806230738849276, 3.2362868196549446, -0.19206309511009, 0.47277428270315375, -0.26893010711037996, 1.5862081636599032])
(1, '1340', [-0.1468720813469858, -0.8979413101743324, -0.2570665808902406, -0.5216009831581446, -0.1423136133929641, -0.1410675995393959, -0.7953982996428889, -0.10806230738849276, -0.33280325827468865, -0.9178786773927895, -0.14600709871060533, -0.8976308131280483, -0.1534474453512897])
(1, '1346', [-0.1468720813469858, -0.6826784344631341, -0.2570665808902406, -0.5216009831581446, -0.1423136133929641, -0.1410675995393959, -0.6977398275291231, -0.10806230738849276, -0.33280325827468865, -0.9178786773927895, -0.14600709871060533, -0.6880639111221588, -0.1534474453512897])
(1, '1349', [-0.1468720813469858, -0.6826784344631341, -0.2570665808902406, -0.5216009831581446, -0.1423136133929641, -0.1410675995393959, -0.7256422481330562, -0.10806230738849276, -0.33280325827468865, -0.9178786773927895, -0.14600709871060533, -0.6880639111221588, -0.1534474453512897])
(1, '1355', [-0.1468720813469858, -0.6826784344631341, -0.2570665808902406, -0.5216009831581446, -0.1423136133929641, -0.1410675995393959, -0.708203235255598, -0.10806230738849276, -0.33280325827468865, -0.9178786773927895, -0.14600709871060533, -0.6880639111221588, -0.1534474453512897])
(1, '1367', [1.6410966831409382, -1.3284670615967291, 1.1944313813615912, -2.570821479367578, 0.9606168904025065, -1.994565066335155, -0.7953982996428889, 0.11160533386024642, 3.2362868196549446, -2.369509841958189, 1.6219397053287066, -1.3167646171398273, 1.5862081636599032])
(1, '1368', [-0.1468720813469858, -0.8979413101743324, -0.2570665808902406, -0.5216009831581446, -0.1423136133929641, -0.1410675995393959, -0.708203235255598, -0.10806230738849276, -0.33280325827468865, -0.9178786773927895, -0.14600709871060533, -0.8976308131280483, -0.1534474453512897])
(1, '1373', [-0.1468720813469858, -0.8979413101743324, -0.2570665808902406, -0.5216009831581446, -0.1423136133929641, -0.1410675995393959, -0.6140325657173239, -0.10806230738849276, -0.33280325827468865, -0.9178786773927895, -0.14600709871060533, -0.8976308131280483, -0.1534474453512897])
(1, '1375', [-0.1468720813469858, -0.4674155587519358, -0.2570665808902406, -0.5216009831581446, -0.1423136133929641, -0.1410675995393959, -0.20944746696029434, -0.10806230738849276, -0.33280325827468865, -0.9178786773927895, -0.14600709871060533, -0.47849700911626936, -0.1534474453512897])
(1, '1378', [0.702413081784778, -0.6826784344631341, 2.8273665888949018, 1.5276195130512888, 0.9606168904025065, -0.1410675995393959, -0.6872764198026482, 0.11160533386024642, 3.2362868196549446, -0.9178786773927895, 0.6937676332080677, -0.6880639111221588, 1.5862081636599032])
(1, '1381', [-0.1468720813469858, -0.6826784344631341, -0.2570665808902406, -0.5216009831581446, -0.1423136133929641, -0.1410675995393959, -0.7221544455575646, -0.10806230738849276, -0.33280325827468865, -0.9178786773927895, -0.14600709871060533, -0.6880639111221588, -0.1534474453512897])
(1, '1383', [-0.1468720813469858, -0.8979413101743324, -0.2570665808902406, -0.5216009831581446, -0.1423136133929641, -0.1410675995393959, -0.6768130120761733, -0.10806230738849276, -0.33280325827468865, -0.9178786773927895, -0.14600709871060533, -0.8976308131280483, -0.1534474453512897])
(1, '1384', [-0.1468720813469858, -1.1132041858855308, -0.2570665808902406, -0.5216009831581446, -0.1423136133929641, -1.994565066335155, -0.7953982996428889, -0.10806230738849276, -0.33280325827468865, -1.643694259675489, -0.14600709871060533, -1.1071977151339378, -0.1534474453512897])
(1, '1385', [-0.1468720813469858, -1.1132041858855308, -0.2570665808902406, -0.5216009831581446, -0.1423136133929641, -1.994565066335155, -0.7953982996428889, -0.10806230738849276, -0.33280325827468865, -1.643694259675489, -0.14600709871060533, -1.1071977151339378, -0.1534474453512897])
(1, '1399', [-0.1468720813469858, -0.8979413101743324, -0.2570665808902406, -0.5216009831581446, -0.1423136133929641, -0.1410675995393959, -0.7361056558595311, -0.10806230738849276, -0.33280325827468865, -0.9178786773927895, -0.14600709871060533, -0.8976308131280483, -0.1534474453512897])
(1, '1401', [-0.1468720813469858, -1.1132041858855308, -0.2570665808902406, -0.5216009831581446, -0.1423136133929641, -1.994565066335155, -0.7953982996428889, -0.10806230738849276, -0.33280325827468865, -1.643694259675489, -0.14600709871060533, -1.1071977151339378, -0.1534474453512897])
(1, '1407', [1.104706053794561, -0.6826784344631341, 4.460301796428213, -0.5216009831581446, 0.9606168904025065, -0.1410675995393959, -0.21293526953578598, -0.10806230738849276, 3.2362868196549446, -0.9178786773927895, 1.0915556641169128, -0.6880639111221588, 1.5862081636599032])
(1, '1413', [-0.1468720813469858, -1.1132041858855308, -0.2570665808902406, -0.5216009831581446, -0.1423136133929641, -1.994565066335155, -0.7953982996428889, -0.10806230738849276, -0.33280325827468865, -1.643694259675489, -0.14600709871060533, -1.1071977151339378, -0.1534474453512897])
(1, '1425', [-0.1468720813469858, -0.8979413101743324, -0.2570665808902406, -0.5216009831581446, -0.1423136133929641, -0.1410675995393959, -0.6872764198026482, -0.10806230738849276, -0.33280325827468865, -0.9178786773927895, -0.14600709871060533, -0.8976308131280483, -0.1534474453512897])
(1, '1433', [-0.1468720813469858, -0.6826784344631341, -0.2570665808902406, -0.5216009831581446, -0.1423136133929641, -0.1410675995393959, -0.45359364724470874, -0.10806230738849276, -0.33280325827468865, -0.9178786773927895, -0.14600709871060533, -0.6880639111221588, -0.1534474453512897])
(1, '1441', [-0.1468720813469858, -0.6826784344631341, -0.2570665808902406, -0.5216009831581446, -0.1423136133929641, -0.1410675995393959, -0.03156953561022099, -0.10806230738849276, -0.33280325827468865, -0.9178786773927895, -0.14600709871060533, -0.6880639111221588, -0.1534474453512897])
(1, '1444', [-0.1468720813469858, -0.6826784344631341, -0.2570665808902406, -0.5216009831581446, -0.1423136133929641, -0.1410675995393959, -0.48498387042413343, -0.10806230738849276, -0.33280325827468865, -0.9178786773927895, -0.14600709871060533, -0.6880639111221588, -0.1534474453512897])
(1, '1465', [-0.1468720813469858, -0.6826784344631341, -0.2570665808902406, -0.5216009831581446, -0.1423136133929641, -0.1410675995393959, 0.3137229193634508, -0.10806230738849276, -0.33280325827468865, -0.9178786773927895, -0.14600709871060533, -0.6880639111221588, -0.1534474453512897])
(1, '1468', [-0.1468720813469858, -0.8979413101743324, -0.2570665808902406, -0.5216009831581446, -0.1423136133929641, -0.1410675995393959, -0.2268864798377525, -0.10806230738849276, -0.33280325827468865, -0.9178786773927895, -0.14600709871060533, -0.8976308131280483, -0.1534474453512897])
(1, '1472', [-0.1468720813469858, -0.8979413101743324, -0.2570665808902406, -0.5216009831581446, -0.1423136133929641, -0.1410675995393959, -0.6384471837457654, -0.10806230738849276, -0.33280325827468865, -0.9178786773927895, -0.14600709871060533, -0.8976308131280483, -0.1534474453512897])
(1, '1476', [-0.0574736431225896, -0.4674155587519358, 0.10580790967271733, -0.5216009831581446, -0.1423136133929641, -0.1410675995393959, -0.3977888060368426, -0.10806230738849276, 1.4517417806901278, -0.19206309511009, -0.057609758508639745, -0.47849700911626936, -0.1534474453512897])
(1, '1479', [0.9259091773457686, -0.25215268304073746, 4.097427305865255, 1.5276195130512888, -0.1423136133929641, -0.1410675995393959, -0.5198618961790498, -0.10806230738849276, 1.4517417806901278, -0.19206309511009, 0.9147609837129816, -0.26893010711037996, -0.1534474453512897])
(1, '1481', [-0.1468720813469858, -0.8979413101743324, -0.2570665808902406, 1.5276195130512888, -0.1423136133929641, -1.994565066335155, -0.7953982996428889, -0.10806230738849276, -0.33280325827468865, -1.643694259675489, -0.14600709871060533, -0.8976308131280483, -0.1534474453512897])
(1, '1488', [-0.1468720813469858, -1.1132041858855308, -0.2570665808902406, -0.5216009831581446, -0.1423136133929641, -1.994565066335155, -0.7953982996428889, -0.10806230738849276, -0.33280325827468865, -1.643694259675489, -0.14600709871060533, -1.1071977151339378, -0.1534474453512897])
(1, '1492', [-0.1468720813469858, -1.1132041858855308, -0.2570665808902406, -0.5216009831581446, -0.1423136133929641, -1.994565066335155, -0.7953982996428889, -0.10806230738849276, -0.33280325827468865, -1.643694259675489, -0.14600709871060533, -1.1071977151339378, -0.1534474453512897])
(1, '1498', [-0.1468720813469858, -0.6826784344631341, -0.2570665808902406, -0.5216009831581446, -0.1423136133929641, -0.1410675995393959, -0.5791545399624075, -0.10806230738849276, -0.33280325827468865, -0.9178786773927895, -0.14600709871060533, -0.6880639111221588, -0.1534474453512897])
(1, '1500', [-0.1468720813469858, -1.1132041858855308, -0.2570665808902406, -0.5216009831581446, -0.1423136133929641, -1.994565066335155, -0.7953982996428889, -0.10806230738849276, -0.33280325827468865, -1.643694259675489, -0.14600709871060533, -1.1071977151339378, -0.1534474453512897])
(1, '1503', [-0.1468720813469858, -1.1132041858855308, -0.2570665808902406, -0.5216009831581446, -0.1423136133929641, -1.994565066335155, -0.7953982996428889, -0.10806230738849276, -0.33280325827468865, -1.643694259675489, -0.14600709871060533, -1.1071977151339378, -0.1534474453512897])
(1, '1504', [-0.1468720813469858, -0.6826784344631341, -0.2570665808902406, -0.5216009831581446, -0.1423136133929641, -0.1410675995393959, -0.7953982996428889, -0.10806230738849276, -0.33280325827468865, -0.9178786773927895, -0.14600709871060533, -0.6880639111221588, -0.1534474453512897])
(1, '1505', [-0.10217286223478769, -0.6826784344631341, -0.07562933560876163, 1.5276195130512888, -0.1423136133929641, 1.7124298672563634, -0.47800826527315016, -0.10806230738849276, 1.4517417806901278, -0.9178786773927895, -0.10180842860962254, -0.47849700911626936, -0.1534474453512897])
(1, '1510', [0.3448193288871933, -0.8979413101743324, 1.7387431172060281, -0.5216009831581446, -0.1423136133929641, -0.1410675995393959, -0.6210081708683072, -0.10806230738849276, 1.4517417806901278, -0.9178786773927895, 0.3401782724002054, -0.8976308131280483, -0.1534474453512897])
(1, '1529', [-0.1468720813469858, -1.1132041858855308, -0.2570665808902406, -0.5216009831581446, -0.1423136133929641, -1.994565066335155, -0.7953982996428889, -0.10806230738849276, -0.33280325827468865, -1.643694259675489, -0.14600709871060533, -1.1071977151339378, -0.1534474453512897])
(1, '1533', [-0.1468720813469858, -0.6826784344631341, -0.2570665808902406, -0.5216009831581446, -0.1423136133929641, -0.1410675995393959, -0.7291300507085479, -0.10806230738849276, -0.33280325827468865, -0.9178786773927895, -0.14600709871060533, -0.6880639111221588, -0.1534474453512897])
(1, '1540', [0.0766240142140047, -1.1132041858855308, 0.6501196455171542, -0.5216009831581446, -0.1423136133929641, -1.994565066335155, -0.7953982996428889, -0.10806230738849276, 1.4517417806901278, -1.643694259675489, 0.07498625179430864, -1.1071977151339378, -0.1534474453512897])
(1, '1542', [0.0319247951018066, -1.1132041858855308, 0.46868240023567526, -0.5216009831581446, -0.1423136133929641, -1.994565066335155, -0.7953982996428889, -0.10806230738849276, 1.4517417806901278, -1.643694259675489, 0.03078758169332584, -1.1071977151339378, -0.1534474453512897])
(1, '1543', [-0.1468720813469858, -0.8979413101743324, -0.2570665808902406, -0.5216009831581446, -0.1423136133929641, -0.1410675995393959, -0.6733252095006816, -0.10806230738849276, -0.33280325827468865, -0.9178786773927895, -0.14600709871060533, -0.8976308131280483, -0.1534474453512897])
(1, '1553', [-0.1468720813469858, -1.1132041858855308, -0.2570665808902406, -0.5216009831581446, -0.1423136133929641, -1.994565066335155, -0.7953982996428889, -0.10806230738849276, -0.33280325827468865, -1.643694259675489, -0.14600709871060533, -1.1071977151339378, -0.1534474453512897])
(1, '1561', [-0.1468720813469858, -1.1132041858855308, -0.2570665808902406, -0.5216009831581446, -0.1423136133929641, -1.994565066335155, -0.7953982996428889, -0.10806230738849276, -0.33280325827468865, -1.643694259675489, -0.14600709871060533, -1.1071977151339378, -0.1534474453512897])
(1, '1567', [-0.1468720813469858, -1.1132041858855308, -0.2570665808902406, -0.5216009831581446, -0.1423136133929641, -1.994565066335155, -0.7953982996428889, -0.10806230738849276, -0.33280325827468865, -1.643694259675489, -0.14600709871060533, -1.1071977151339378, -0.1534474453512897])
(1, '1576', [-0.1468720813469858, -0.6826784344631341, -0.2570665808902406, -0.5216009831581446, -0.1423136133929641, -0.1410675995393959, -0.37337418800840116, -0.10806230738849276, -0.33280325827468865, -0.9178786773927895, -0.14600709871060533, -0.47849700911626936, -0.1534474453512897])
(1, '1578', [-0.1468720813469858, -0.6826784344631341, -0.2570665808902406, -0.5216009831581446, -0.1423136133929641, -0.1410675995393959, -0.6105447631418323, -0.10806230738849276, -0.33280325827468865, -0.9178786773927895, -0.14600709871060533, -0.6880639111221588, -0.1534474453512897])
(1, '1581', [-0.1468720813469858, -0.8979413101743324, -0.2570665808902406, -0.5216009831581446, -0.1423136133929641, -0.1410675995393959, -0.4919594755751167, -0.10806230738849276, -0.33280325827468865, -0.9178786773927895, -0.14600709871060533, -0.8976308131280483, -0.1534474453512897])
(1, '1584', [-0.1468720813469858, -0.6826784344631341, -0.2570665808902406, -0.5216009831581446, -0.1423136133929641, -0.1410675995393959, -0.29664253134758517, -0.10806230738849276, -0.33280325827468865, -0.9178786773927895, -0.14600709871060533, -0.47849700911626936, -0.1534474453512897])
(1, '1586', [-0.1468720813469858, -1.1132041858855308, -0.2570665808902406, -0.5216009831581446, -0.1423136133929641, -1.994565066335155, -0.7953982996428889, -0.10806230738849276, -0.33280325827468865, -1.643694259675489, -0.14600709871060533, -1.1071977151339378, -0.1534474453512897])
(1, '1587', [1.6410966831409382, -0.6826784344631341, 5.548925268117086, -0.5216009831581446, 3.166477897993447, -0.1410675995393959, -0.6384471837457654, 0.5509406163577248, 3.2362868196549446, -0.9178786773927895, 1.6219397053287066, -0.6880639111221588, 3.3258637726710965])
(1, '1589', [-0.1468720813469858, -1.1132041858855308, -0.2570665808902406, -0.5216009831581446, -0.1423136133929641, -1.994565066335155, -0.7953982996428889, -0.10806230738849276, -0.33280325827468865, -1.643694259675489, -0.14600709871060533, -1.1071977151339378, -0.1534474453512897])
(1, '1593', [0.9259091773457686, -0.8979413101743324, 2.464492098331944, -0.5216009831581446, 0.9606168904025065, -0.1410675995393959, 0.0905035545319862, 0.9902758988552032, 3.2362868196549446, -0.9178786773927895, 0.9147609837129816, -0.8976308131280483, 1.5862081636599032])
(1, '1597', [-0.1468720813469858, -0.8979413101743324, -0.2570665808902406, -0.5216009831581446, -0.1423136133929641, -0.1410675995393959, -0.4501058446692171, -0.10806230738849276, -0.33280325827468865, -0.9178786773927895, -0.14600709871060533, -0.8976308131280483, -0.1534474453512897])
(1, '1601', [-0.1468720813469858, -1.1132041858855308, -0.2570665808902406, -0.5216009831581446, -0.1423136133929641, -1.994565066335155, -0.7953982996428889, -0.10806230738849276, -0.33280325827468865, -1.643694259675489, -0.14600709871060533, -1.1071977151339378, -0.1534474453512897])
(1, '1603', [0.3448193288871933, -0.8979413101743324, 1.7387431172060281, 1.5276195130512888, -0.1423136133929641, -1.994565066335155, -0.7953982996428889, -0.10806230738849276, 1.4517417806901278, -1.643694259675489, 0.3401782724002054, -0.8976308131280483, -0.1534474453512897])
(1, '1615', [-0.1468720813469858, -0.8979413101743324, -0.2570665808902406, -0.5216009831581446, -0.1423136133929641, -0.1410675995393959, -0.6523983940477319, -0.10806230738849276, -0.33280325827468865, -0.9178786773927895, -0.14600709871060533, -0.8976308131280483, -0.1534474453512897])
(1, '1617', [-0.012774424010391503, -0.4674155587519358, 0.2872451549541963, 1.5276195130512888, -0.1423136133929641, -0.1410675995393959, -0.6837886172271566, -0.10806230738849276, 1.4517417806901278, -0.9178786773927895, -0.013411088407656951, -0.47849700911626936, -0.1534474453512897])
(1, '1619', [-0.1468720813469858, -0.6826784344631341, -0.2570665808902406, -0.5216009831581446, -0.1423136133929641, -0.1410675995393959, -0.18154504635636126, -0.10806230738849276, -0.33280325827468865, -0.9178786773927895, -0.14600709871060533, -0.6880639111221588, -0.1534474453512897])
(1, '1622', [-0.1468720813469858, -0.8979413101743324, -0.2570665808902406, -0.5216009831581446, -0.1423136133929641, -0.1410675995393959, -0.6628618017742068, -0.10806230738849276, -0.33280325827468865, -0.9178786773927895, -0.14600709871060533, -0.8976308131280483, -0.1534474453512897])
(1, '1625', [0.0319247951018066, -1.1132041858855308, 0.46868240023567526, -0.5216009831581446, -0.1423136133929641, -1.994565066335155, -0.7953982996428889, -0.10806230738849276, 1.4517417806901278, -1.643694259675489, 0.03078758169332584, -1.1071977151339378, -0.1534474453512897])
(1, '1628', [1.506999025804344, -0.6826784344631341, 5.730362513398565, -0.5216009831581446, 0.9606168904025065, -0.1410675995393959, -0.718666642982073, 0.3312729751089856, 3.2362868196549446, -0.9178786773927895, 1.4893436950257581, -0.6880639111221588, 1.5862081636599032])
(1, '1630', [-0.1468720813469858, -0.4674155587519358, -0.2570665808902406, 1.5276195130512888, -0.1423136133929641, -0.1410675995393959, -0.7291300507085479, -0.10806230738849276, -0.33280325827468865, -0.9178786773927895, -0.14600709871060533, -0.47849700911626936, -0.1534474453512897])
(1, '1632', [-0.012774424010391503, -0.8979413101743324, 0.10580790967271733, 1.5276195130512888, 0.9606168904025065, -1.994565066335155, -0.7953982996428889, 0.11160533386024642, 3.2362868196549446, -1.643694259675489, -0.013411088407656951, -0.8976308131280483, 1.5862081636599032])
(1, '1634', [-0.1468720813469858, -1.1132041858855308, -0.2570665808902406, -0.5216009831581446, -0.1423136133929641, -1.994565066335155, -0.7953982996428889, -0.10806230738849276, -0.33280325827468865, -1.643694259675489, -0.14600709871060533, -1.1071977151339378, -0.1534474453512897])
(1, '1635', [-0.1468720813469858, -0.6826784344631341, -0.2570665808902406, -0.5216009831581446, -0.1423136133929641, -0.1410675995393959, -0.7640080764634641, -0.10806230738849276, -0.33280325827468865, -0.9178786773927895, -0.14600709871060533, -0.6880639111221588, -0.1534474453512897])
(1, '1638', [-0.1468720813469858, -0.8979413101743324, -0.2570665808902406, -0.5216009831581446, -0.1423136133929641, -0.1410675995393959, -0.5826423425378991, -0.10806230738849276, -0.33280325827468865, -0.9178786773927895, -0.14600709871060533, -0.8976308131280483, -0.1534474453512897])
(1, '1640', [-0.1468720813469858, -1.1132041858855308, -0.2570665808902406, -0.5216009831581446, -0.1423136133929641, -1.994565066335155, -0.7953982996428889, -0.10806230738849276, -0.33280325827468865, -1.643694259675489, -0.14600709871060533, -1.1071977151339378, -0.1534474453512897])
(1, '1642', [-0.1468720813469858, -0.6826784344631341, -0.2570665808902406, -0.5216009831581446, -0.1423136133929641, -0.1410675995393959, 0.22652785497615993, -0.10806230738849276, -0.33280325827468865, -0.9178786773927895, -0.14600709871060533, -0.6880639111221588, -0.1534474453512897])
(1, '1647', [-0.1468720813469858, -0.8979413101743324, -0.2570665808902406, -0.5216009831581446, -0.1423136133929641, -0.1410675995393959, 0.0800401468055113, -0.10806230738849276, -0.33280325827468865, -0.9178786773927895, -0.14600709871060533, -0.8976308131280483, -0.1534474453512897])
(1, '1652', [-0.1468720813469858, -1.1132041858855308, -0.2570665808902406, -0.5216009831581446, -0.1423136133929641, -1.994565066335155, -0.7953982996428889, -0.10806230738849276, -0.33280325827468865, -1.643694259675489, -0.14600709871060533, -1.1071977151339378, -0.1534474453512897])
(1, '1655', [-0.1468720813469858, -0.6826784344631341, -0.2570665808902406, -0.5216009831581446, -0.1423136133929641, -0.1410675995393959, -0.6558861966232236, -0.10806230738849276, -0.33280325827468865, -0.9178786773927895, -0.14600709871060533, -0.6880639111221588, -0.1534474453512897])
(1, '1657', [-0.1468720813469858, -1.1132041858855308, -0.2570665808902406, -0.5216009831581446, -0.1423136133929641, -1.994565066335155, -0.7953982996428889, -0.10806230738849276, -0.33280325827468865, -1.643694259675489, -0.14600709871060533, -1.1071977151339378, -0.1534474453512897])
(1, '1658', [1.6410966831409382, -1.1132041858855308, 3.9159900605837756, -0.5216009831581446, 0.9606168904025065, -1.994565066335155, -0.7953982996428889, 0.770608257606464, 3.2362868196549446, -1.643694259675489, 1.6219397053287066, -1.1071977151339378, 1.5862081636599032])
(1, '1661', [-0.0574736431225896, -1.1132041858855308, 0.10580790967271733, -0.5216009831581446, -0.1423136133929641, -1.994565066335155, -0.7953982996428889, -0.10806230738849276, 1.4517417806901278, -1.643694259675489, -0.057609758508639745, -1.1071977151339378, -0.1534474453512897])
(1, '1663', [-0.1468720813469858, -1.1132041858855308, -0.2570665808902406, -0.5216009831581446, -0.1423136133929641, -1.994565066335155, -0.7953982996428889, -0.10806230738849276, -0.33280325827468865, -1.643694259675489, -0.14600709871060533, -1.1071977151339378, -0.1534474453512897])
(1, '1666', [-0.1468720813469858, -0.8979413101743324, -0.2570665808902406, -0.5216009831581446, -0.1423136133929641, -0.1410675995393959, -0.4082522137633175, -0.10806230738849276, -0.33280325827468865, -0.9178786773927895, -0.14600709871060533, -0.8976308131280483, -0.1534474453512897])
(1, '1671', [0.3001201097749952, -1.1132041858855308, 1.5573058719245492, -0.5216009831581446, -0.1423136133929641, -1.994565066335155, -0.7953982996428889, -0.10806230738849276, 1.4517417806901278, -1.643694259675489, 0.29597960229922254, -1.1071977151339378, -0.1534474453512897])
(1, '1676', [-0.1468720813469858, -1.1132041858855308, -0.2570665808902406, -0.5216009831581446, -0.1423136133929641, -1.994565066335155, -0.7953982996428889, -0.10806230738849276, -0.33280325827468865, -1.643694259675489, -0.14600709871060533, -1.1071977151339378, -0.1534474453512897])
(1, '1678', [-0.1468720813469858, -0.8979413101743324, -0.2570665808902406, -0.5216009831581446, -0.1423136133929641, -0.1410675995393959, -0.7430812610105144, -0.10806230738849276, -0.33280325827468865, -0.9178786773927895, -0.14600709871060533, -0.8976308131280483, -0.1534474453512897])
(1, '1679', [0.3895185479993914, -0.4674155587519358, 1.1944313813615912, 1.5276195130512888, 0.9606168904025065, 1.7124298672563634, -0.00715491758177955, 0.11160533386024642, 3.2362868196549446, -0.9178786773927895, 0.38437694250118815, -0.47849700911626936, 1.5862081636599032])
(1, '1680', [-0.1468720813469858, -1.1132041858855308, -0.2570665808902406, -0.5216009831581446, -0.1423136133929641, -1.994565066335155, -0.7953982996428889, -0.10806230738849276, -0.33280325827468865, -1.643694259675489, -0.14600709871060533, -1.1071977151339378, -0.1534474453512897])
(1, '1682', [-0.1468720813469858, -1.1132041858855308, -0.2570665808902406, -0.5216009831581446, -0.1423136133929641, -1.994565066335155, -0.7953982996428889, -0.10806230738849276, -0.33280325827468865, -1.643694259675489, -0.14600709871060533, -1.1071977151339378, -0.1534474453512897])
(1, '1683', [-0.10217286223478769, -1.1132041858855308, -0.07562933560876163, -0.5216009831581446, -0.1423136133929641, -1.994565066335155, -0.7953982996428889, -0.10806230738849276, 1.4517417806901278, -1.643694259675489, -0.10180842860962254, -1.1071977151339378, -0.1534474453512897])
(1, '1684', [-0.1468720813469858, -0.8979413101743324, -0.2570665808902406, -0.5216009831581446, -0.1423136133929641, -0.1410675995393959, -0.7779592867654307, -0.10806230738849276, -0.33280325827468865, -0.9178786773927895, -0.14600709871060533, -0.8976308131280483, -0.1534474453512897])
(1, '1693', [-0.1468720813469858, -0.6826784344631341, -0.2570665808902406, -0.5216009831581446, -0.1423136133929641, -0.1410675995393959, -0.4012766086123342, -0.10806230738849276, -0.33280325827468865, -0.9178786773927895, -0.14600709871060533, -0.6880639111221588, -0.1534474453512897])
(1, '1699', [1.0153076155701648, -0.6826784344631341, 4.460301796428213, -0.5216009831581446, -0.1423136133929641, -0.1410675995393959, 0.22652785497615993, -0.10806230738849276, 1.4517417806901278, -0.9178786773927895, 1.0031583239149473, -0.6880639111221588, -0.1534474453512897])
(1, '1700', [-0.1468720813469858, -0.8979413101743324, -0.2570665808902406, -0.5216009831581446, -0.1423136133929641, -0.1410675995393959, -0.7047154326801064, -0.10806230738849276, -0.33280325827468865, -0.9178786773927895, -0.14600709871060533, -0.8976308131280483, -0.1534474453512897])
(1, '1709', [-0.1468720813469858, -1.1132041858855308, -0.2570665808902406, -0.5216009831581446, -0.1423136133929641, -1.994565066335155, -0.7953982996428889, -0.10806230738849276, -0.33280325827468865, -1.643694259675489, -0.14600709871060533, -1.1071977151339378, -0.1534474453512897])
(1, '1713', [-0.1468720813469858, -0.8979413101743324, -0.2570665808902406, -0.5216009831581446, -0.1423136133929641, -0.1410675995393959, -0.5093984884525748, -0.10806230738849276, -0.33280325827468865, -0.9178786773927895, -0.14600709871060533, -0.8976308131280483, -0.1534474453512897])
(1, '1718', [1.1494052729067592, -0.4674155587519358, 3.7345528153022967, 3.576840009260722, 0.9606168904025065, -0.1410675995393959, -0.3245449519515183, 0.9902758988552032, 3.2362868196549446, -0.9178786773927895, 1.1357543342178955, -0.47849700911626936, 1.5862081636599032])
(1, '1721', [-0.1468720813469858, -0.8979413101743324, -0.2570665808902406, -0.5216009831581446, -0.1423136133929641, -0.1410675995393959, -0.42569122664077563, -0.10806230738849276, -0.33280325827468865, -0.9178786773927895, -0.14600709871060533, -0.8976308131280483, -0.1534474453512897])
(1, '1725', [-0.1468720813469858, -1.1132041858855308, -0.2570665808902406, -0.5216009831581446, -0.1423136133929641, -1.994565066335155, -0.7953982996428889, -0.10806230738849276, -0.33280325827468865, -1.643694259675489, -0.14600709871060533, -1.1071977151339378, -0.1534474453512897])
(1, '1727', [-0.1468720813469858, -0.6826784344631341, -0.2570665808902406, -0.5216009831581446, -0.1423136133929641, -0.1410675995393959, -0.6803008146516649, -0.10806230738849276, -0.33280325827468865, -0.9178786773927895, -0.14600709871060533, -0.6880639111221588, -0.1534474453512897])
(1, '1733', [-0.1468720813469858, -0.8979413101743324, -0.2570665808902406, -0.5216009831581446, -0.1423136133929641, -0.1410675995393959, -0.6872764198026482, -0.10806230738849276, -0.33280325827468865, -0.9178786773927895, -0.14600709871060533, -0.8976308131280483, -0.1534474453512897])
(1, '1735', [-0.1468720813469858, -1.1132041858855308, -0.2570665808902406, -0.5216009831581446, -0.1423136133929641, -1.994565066335155, -0.7953982996428889, -0.10806230738849276, -0.33280325827468865, -1.643694259675489, -0.14600709871060533, -1.1071977151339378, -0.1534474453512897])
(1, '1736', [0.702413081784778, -1.1132041858855308, 3.1902410794578597, -0.5216009831581446, -0.1423136133929641, -1.994565066335155, -0.7953982996428889, -0.10806230738849276, 1.4517417806901278, -1.643694259675489, 0.6937676332080677, -1.1071977151339378, -0.1534474453512897])
(1, '1740', [1.8645927787019287, -1.1132041858855308, 4.460301796428213, -0.5216009831581446, 2.063547394197977, -1.994565066335155, -0.7953982996428889, 0.770608257606464, 3.2362868196549446, -1.643694259675489, 1.8429330558336203, -1.1071977151339378, 3.3258637726710965])
(1, '1744', [-0.1468720813469858, -0.8979413101743324, -0.2570665808902406, 1.5276195130512888, -0.1423136133929641, -1.994565066335155, -0.7953982996428889, -0.10806230738849276, -0.33280325827468865, -1.643694259675489, -0.14600709871060533, -0.8976308131280483, -0.1534474453512897])
(1, '1746', [-0.1468720813469858, -0.8979413101743324, -0.2570665808902406, -0.5216009831581446, -0.1423136133929641, -0.1410675995393959, -0.7814470893409223, -0.10806230738849276, -0.33280325827468865, -0.9178786773927895, -0.14600709871060533, -0.8976308131280483, -0.1534474453512897])
(1, '1747', [-0.1468720813469858, -0.6826784344631341, -0.2570665808902406, -0.5216009831581446, -0.1423136133929641, -0.1410675995393959, -0.6837886172271566, -0.10806230738849276, -0.33280325827468865, -0.9178786773927895, -0.14600709871060533, -0.6880639111221588, -0.1534474453512897])
(1, '1749', [-0.1468720813469858, -1.1132041858855308, -0.2570665808902406, -0.5216009831581446, -0.1423136133929641, -1.994565066335155, -0.7953982996428889, -0.10806230738849276, -0.33280325827468865, -1.643694259675489, -0.14600709871060533, -1.1071977151339378, -0.1534474453512897])
(1, '1751', [-0.1468720813469858, -1.1132041858855308, -0.2570665808902406, -0.5216009831581446, -0.1423136133929641, -1.994565066335155, -0.7953982996428889, -0.10806230738849276, -0.33280325827468865, -1.643694259675489, -0.14600709871060533, -1.1071977151339378, -0.1534474453512897])
(1, '1757', [-0.1468720813469858, -0.8979413101743324, -0.2570665808902406, -0.5216009831581446, -0.1423136133929641, -0.1410675995393959, -0.5617155270849494, -0.10806230738849276, -0.33280325827468865, -0.9178786773927895, -0.14600709871060533, -0.8976308131280483, -0.1534474453512897])
(1, '1759', [-0.1468720813469858, -1.1132041858855308, -0.2570665808902406, -0.5216009831581446, -0.1423136133929641, -1.994565066335155, -0.7953982996428889, -0.10806230738849276, -0.33280325827468865, -1.643694259675489, -0.14600709871060533, -1.1071977151339378, -0.1534474453512897])
(1, '1762', [-0.1468720813469858, -0.8979413101743324, -0.2570665808902406, -0.5216009831581446, -0.1423136133929641, -0.1410675995393959, -0.45359364724470874, -0.10806230738849276, -0.33280325827468865, -0.9178786773927895, -0.14600709871060533, -0.8976308131280483, -0.1534474453512897])
(1, '1765', [-0.1468720813469858, -0.4674155587519358, -0.2570665808902406, 1.5276195130512888, -0.1423136133929641, -0.1410675995393959, -0.6977398275291231, -0.10806230738849276, -0.33280325827468865, -0.9178786773927895, -0.14600709871060533, -0.47849700911626936, -0.1534474453512897])
(1, '1768', [-0.1468720813469858, -0.6826784344631341, -0.2570665808902406, -0.5216009831581446, -0.1423136133929641, -0.1410675995393959, -0.7361056558595311, -0.10806230738849276, -0.33280325827468865, -0.9178786773927895, -0.14600709871060533, -0.6880639111221588, -0.1534474453512897])
(1, '1771', [-0.1468720813469858, -0.6826784344631341, -0.2570665808902406, -0.5216009831581446, -0.1423136133929641, -0.1410675995393959, -0.23037428241324415, -0.10806230738849276, -0.33280325827468865, -0.9178786773927895, -0.14600709871060533, -0.6880639111221588, -0.1534474453512897])
(1, '1777', [-0.1468720813469858, -0.6826784344631341, -0.2570665808902406, -0.5216009831581446, -0.1423136133929641, -0.1410675995393959, -0.5965935528398657, -0.10806230738849276, -0.33280325827468865, -0.9178786773927895, -0.14600709871060533, -0.6880639111221588, -0.1534474453512897])
(1, '1778', [-0.1468720813469858, -1.1132041858855308, -0.2570665808902406, -0.5216009831581446, -0.1423136133929641, -1.994565066335155, -0.7953982996428889, -0.10806230738849276, -0.33280325827468865, -1.643694259675489, -0.14600709871060533, -1.1071977151339378, -0.1534474453512897])
(1, '1783', [-0.1468720813469858, -0.8979413101743324, -0.2570665808902406, -0.5216009831581446, -0.1423136133929641, -0.1410675995393959, -0.23037428241324415, -0.10806230738849276, -0.33280325827468865, -0.9178786773927895, -0.14600709871060533, -0.8976308131280483, -0.1534474453512897])
(1, '1787', [0.4342177671115895, -0.8979413101743324, 2.1016176077689863, 1.5276195130512888, -0.1423136133929641, -1.994565066335155, -0.7953982996428889, -0.10806230738849276, 1.4517417806901278, -1.643694259675489, 0.4285756126021709, -0.8976308131280483, -0.1534474453512897])
(1, '1794', [-0.1468720813469858, -1.1132041858855308, -0.2570665808902406, -0.5216009831581446, -0.1423136133929641, -1.994565066335155, -0.7953982996428889, -0.10806230738849276, -0.33280325827468865, -1.643694259675489, -0.14600709871060533, -1.1071977151339378, -0.1534474453512897])
(1, '1795', [-0.1468720813469858, -1.1132041858855308, -0.2570665808902406, -0.5216009831581446, -0.1423136133929641, -1.994565066335155, -0.7953982996428889, -0.10806230738849276, -0.33280325827468865, -1.643694259675489, -0.14600709871060533, -1.1071977151339378, -0.1534474453512897])
(1, '1796', [-0.1468720813469858, -0.6826784344631341, -0.2570665808902406, -0.5216009831581446, -0.1423136133929641, -0.1410675995393959, -0.28966692619660195, -0.10806230738849276, -0.33280325827468865, -0.9178786773927895, -0.14600709871060533, -0.6880639111221588, -0.1534474453512897])
(1, '1806', [-0.0574736431225896, -0.6826784344631341, 0.10580790967271733, -0.5216009831581446, -0.1423136133929641, -0.1410675995393959, -0.4012766086123342, -0.10806230738849276, 1.4517417806901278, -0.19206309511009, -0.057609758508639745, -0.6880639111221588, -0.1534474453512897])
(1, '1813', [-0.1468720813469858, -0.8979413101743324, -0.2570665808902406, -0.5216009831581446, -0.1423136133929641, -0.1410675995393959, -0.66983740692519, -0.10806230738849276, -0.33280325827468865, -0.9178786773927895, -0.14600709871060533, -0.8976308131280483, -0.1534474453512897])
(1, '1817', [-0.1468720813469858, -0.8979413101743324, -0.2570665808902406, 1.5276195130512888, -0.1423136133929641, -1.994565066335155, -0.7953982996428889, -0.10806230738849276, -0.33280325827468865, -1.643694259675489, -0.14600709871060533, -0.8976308131280483, -0.1534474453512897])
(1, '1818', [-0.1468720813469858, -0.6826784344631341, -0.2570665808902406, -0.5216009831581446, -0.1423136133929641, -0.1410675995393959, -0.718666642982073, -0.10806230738849276, -0.33280325827468865, -0.9178786773927895, -0.14600709871060533, -0.6880639111221588, -0.1534474453512897])
(1, '1820', [-0.1468720813469858, -0.6826784344631341, -0.2570665808902406, -0.5216009831581446, -0.1423136133929641, -0.1410675995393959, -0.02459393045923772, -0.10806230738849276, -0.33280325827468865, -0.9178786773927895, -0.14600709871060533, -0.6880639111221588, -0.1534474453512897])
(1, '1821', [-0.1468720813469858, -0.8979413101743324, -0.2570665808902406, -0.5216009831581446, -0.1423136133929641, -0.1410675995393959, 0.5543812970723736, -0.10806230738849276, -0.33280325827468865, -0.9178786773927895, -0.14600709871060533, -0.8976308131280483, -0.1534474453512897])
(1, '1833', [-0.1468720813469858, -0.4674155587519358, -0.2570665808902406, -0.5216009831581446, -0.1423136133929641, -0.1410675995393959, -0.0734231665161206, -0.10806230738849276, -0.33280325827468865, -0.9178786773927895, -0.14600709871060533, -0.47849700911626936, -0.1534474453512897])
(1, '1839', [-0.1468720813469858, -0.8979413101743324, -0.2570665808902406, -0.5216009831581446, -0.1423136133929641, -0.1410675995393959, -0.784934891916414, -0.10806230738849276, -0.33280325827468865, -0.9178786773927895, -0.14600709871060533, -0.8976308131280483, -0.1534474453512897])
(1, '1845', [0.3895185479993914, -0.6826784344631341, 1.9201803624875071, -0.5216009831581446, -0.1423136133929641, -0.1410675995393959, 0.48113744298704925, -0.10806230738849276, 1.4517417806901278, -0.19206309511009, 0.38437694250118815, -0.6880639111221588, -0.1534474453512897])
(1, '1848', [-0.1468720813469858, -0.6826784344631341, -0.2570665808902406, -0.5216009831581446, -0.1423136133929641, -0.1410675995393959, -0.4814960678486418, -0.10806230738849276, -0.33280325827468865, -0.9178786773927895, -0.14600709871060533, -0.6880639111221588, -0.1534474453512897])
(1, '1851', [2.0880888742629193, -1.1132041858855308, 0.6501196455171542, -0.5216009831581446, 2.063547394197977, -1.994565066335155, -0.7953982996428889, 5.603296365078726, 5.020831858619761, -1.643694259675489, 2.0639264063385343, -1.1071977151339378, 3.3258637726710965])
(1, '1857', [-0.1468720813469858, -0.8979413101743324, -0.2570665808902406, -0.5216009831581446, -0.1423136133929641, -0.1410675995393959, -0.10132558712005367, -0.10806230738849276, -0.33280325827468865, -0.9178786773927895, -0.14600709871060533, -0.8976308131280483, -0.1534474453512897])
(1, '1859', [-0.1468720813469858, -0.6826784344631341, -0.2570665808902406, -0.5216009831581446, -0.1423136133929641, -0.1410675995393959, -0.5861301451133908, -0.10806230738849276, -0.33280325827468865, -0.9178786773927895, -0.14600709871060533, -0.6880639111221588, -0.1534474453512897])
(1, '1865', [-0.1468720813469858, -0.8979413101743324, -0.2570665808902406, -0.5216009831581446, -0.1423136133929641, -0.1410675995393959, -0.6105447631418323, -0.10806230738849276, -0.33280325827468865, -0.9178786773927895, -0.14600709871060533, -0.8976308131280483, -0.1534474453512897])
(1, '1867', [-0.1468720813469858, -0.8979413101743324, -0.2570665808902406, -0.5216009831581446, -0.1423136133929641, -0.1410675995393959, -0.7047154326801064, -0.10806230738849276, -0.33280325827468865, -0.9178786773927895, -0.14600709871060533, -0.8976308131280483, -0.1534474453512897])
(1, '1868', [-0.1468720813469858, -0.6826784344631341, -0.2570665808902406, -0.5216009831581446, -0.1423136133929641, -0.1410675995393959, -0.603569157990849, -0.10806230738849276, -0.33280325827468865, -0.9178786773927895, -0.14600709871060533, -0.6880639111221588, -0.1534474453512897])
(1, '1870', [-0.1468720813469858, -0.8979413101743324, -0.2570665808902406, -0.5216009831581446, -0.1423136133929641, -0.1410675995393959, -0.3384961622534848, -0.10806230738849276, -0.33280325827468865, -0.9178786773927895, -0.14600709871060533, -0.8976308131280483, -0.1534474453512897])
(1, '1872', [-0.1468720813469858, -0.6826784344631341, -0.2570665808902406, -0.5216009831581446, -0.1423136133929641, -0.1410675995393959, -0.7256422481330562, -0.10806230738849276, -0.33280325827468865, -0.9178786773927895, -0.14600709871060533, -0.6880639111221588, -0.1534474453512897])
(1, '1878', [-0.1468720813469858, -0.6826784344631341, -0.2570665808902406, -0.5216009831581446, -0.1423136133929641, -0.1410675995393959, -0.7570324713124809, -0.10806230738849276, -0.33280325827468865, -0.9178786773927895, -0.14600709871060533, -0.6880639111221588, -0.1534474453512897])
(1, '1883', [-0.10217286223478769, -1.1132041858855308, -0.07562933560876163, -0.5216009831581446, -0.1423136133929641, -1.994565066335155, -0.7953982996428889, -0.10806230738849276, 1.4517417806901278, -1.643694259675489, -0.10180842860962254, -1.1071977151339378, -0.1534474453512897])
(1, '1886', [-0.1468720813469858, -0.6826784344631341, -0.2570665808902406, -0.5216009831581446, -0.1423136133929641, -0.1410675995393959, 0.0033084901446953524, -0.10806230738849276, -0.33280325827468865, -0.9178786773927895, -0.14600709871060533, -0.6880639111221588, -0.1534474453512897])
(1, '1892', [2.490381846272702, -0.25215268304073746, 10.447730890717018, 1.5276195130512888, -0.1423136133929641, -0.1410675995393959, -0.6803008146516649, -0.10806230738849276, 1.4517417806901278, -0.19206309511009, 2.4617144372473794, -0.26893010711037996, -0.1534474453512897])
(1, '1899', [-0.1468720813469858, -1.1132041858855308, -0.2570665808902406, -0.5216009831581446, -0.1423136133929641, -1.994565066335155, -0.7953982996428889, -0.10806230738849276, -0.33280325827468865, -1.643694259675489, -0.14600709871060533, -1.1071977151339378, -0.1534474453512897])
(1, '1907', [-0.1468720813469858, -1.1132041858855308, -0.2570665808902406, -0.5216009831581446, -0.1423136133929641, -1.994565066335155, -0.7953982996428889, -0.10806230738849276, -0.33280325827468865, -1.643694259675489, -0.14600709871060533, -1.1071977151339378, -0.1534474453512897])
(1, '1915', [-0.1468720813469858, -0.6826784344631341, -0.2570665808902406, -0.5216009831581446, -0.1423136133929641, -0.1410675995393959, 0.18816202664575196, -0.10806230738849276, -0.33280325827468865, -0.9178786773927895, -0.14600709871060533, -0.6880639111221588, -0.1534474453512897])
(1, '1916', [-0.1468720813469858, -0.6826784344631341, -0.2570665808902406, -0.5216009831581446, -0.1423136133929641, -0.1410675995393959, -0.5407887116319996, -0.10806230738849276, -0.33280325827468865, -0.9178786773927895, -0.14600709871060533, -0.6880639111221588, -0.1534474453512897])
(1, '1917', [-0.1468720813469858, -0.6826784344631341, -0.2570665808902406, -0.5216009831581446, -0.1423136133929641, -0.1410675995393959, -0.49544727815060835, -0.10806230738849276, -0.33280325827468865, -0.9178786773927895, -0.14600709871060533, -0.6880639111221588, -0.1534474453512897])
(1, '1921', [-0.1468720813469858, -0.6826784344631341, -0.2570665808902406, 1.5276195130512888, -0.1423136133929641, -0.1410675995393959, -0.5826423425378991, -0.10806230738849276, -0.33280325827468865, -0.9178786773927895, -0.14600709871060533, -0.6880639111221588, -0.1534474453512897])
(1, '1923', [-0.1468720813469858, -0.6826784344631341, -0.2570665808902406, 1.5276195130512888, -0.1423136133929641, -0.1410675995393959, -0.6210081708683072, -0.10806230738849276, -0.33280325827468865, -0.9178786773927895, -0.14600709871060533, -0.6880639111221588, -0.1534474453512897])
(1, '1926', [-0.1468720813469858, -0.6826784344631341, -0.2570665808902406, -0.5216009831581446, -0.1423136133929641, -0.1410675995393959, -0.66983740692519, -0.10806230738849276, -0.33280325827468865, -0.9178786773927895, -0.14600709871060533, -0.6880639111221588, -0.1534474453512897])
(1, '1929', [-0.1468720813469858, -0.6826784344631341, -0.2570665808902406, -0.5216009831581446, -0.1423136133929641, -0.1410675995393959, -0.6837886172271566, -0.10806230738849276, -0.33280325827468865, -0.9178786773927895, -0.14600709871060533, -0.6880639111221588, -0.1534474453512897])
(1, '1930', [-0.1468720813469858, -0.8979413101743324, -0.2570665808902406, -0.5216009831581446, -0.1423136133929641, -0.1410675995393959, 0.40789358890172495, -0.10806230738849276, -0.33280325827468865, -0.9178786773927895, -0.14600709871060533, -0.8976308131280483, -0.1534474453512897])
(1, '1934', [-0.1468720813469858, -0.6826784344631341, -0.2570665808902406, -0.5216009831581446, -0.1423136133929641, -0.1410675995393959, -0.7291300507085479, -0.10806230738849276, -0.33280325827468865, -0.9178786773927895, -0.14600709871060533, -0.6880639111221588, -0.1534474453512897])
(1, '1935', [-0.1468720813469858, -1.1132041858855308, -0.2570665808902406, -0.5216009831581446, -0.1423136133929641, -1.994565066335155, -0.7953982996428889, -0.10806230738849276, -0.33280325827468865, -1.643694259675489, -0.14600709871060533, -1.1071977151339378, -0.1534474453512897])
(1, '1940', [-0.1468720813469858, -0.6826784344631341, -0.2570665808902406, -0.5216009831581446, -0.1423136133929641, -0.1410675995393959, -0.6558861966232236, -0.10806230738849276, -0.33280325827468865, -0.9178786773927895, -0.14600709871060533, -0.6880639111221588, -0.1534474453512897])
(1, '1942', [-0.1468720813469858, -0.8979413101743324, -0.2570665808902406, 1.5276195130512888, -0.1423136133929641, -1.994565066335155, -0.7953982996428889, -0.10806230738849276, -0.33280325827468865, -1.643694259675489, -0.14600709871060533, -0.8976308131280483, -0.1534474453512897])
(1, '1944', [-0.1468720813469858, -1.1132041858855308, -0.2570665808902406, -0.5216009831581446, -0.1423136133929641, -1.994565066335155, -0.7953982996428889, -0.10806230738849276, -0.33280325827468865, -1.643694259675489, -0.14600709871060533, -1.1071977151339378, -0.1534474453512897])
(1, '1945', [0.0766240142140047, -0.6826784344631341, 0.46868240023567526, 1.5276195130512888, 0.9606168904025065, -0.1410675995393959, -0.6489105914722403, 0.5509406163577248, 3.2362868196549446, -0.9178786773927895, 0.07498625179430864, -0.6880639111221588, 1.5862081636599032])
(1, '1948', [-0.1468720813469858, -0.8979413101743324, -0.2570665808902406, -0.5216009831581446, -0.1423136133929641, -0.1410675995393959, -0.718666642982073, -0.10806230738849276, -0.33280325827468865, -0.9178786773927895, -0.14600709871060533, -0.8976308131280483, -0.1534474453512897])
(1, '1950', [-0.1468720813469858, -1.1132041858855308, -0.2570665808902406, -0.5216009831581446, -0.1423136133929641, -1.994565066335155, -0.7953982996428889, -0.10806230738849276, -0.33280325827468865, -1.643694259675489, -0.14600709871060533, -1.1071977151339378, -0.1534474453512897])
(1, '1954', [-0.1468720813469858, -0.8979413101743324, -0.2570665808902406, -0.5216009831581446, -0.1423136133929641, -0.1410675995393959, -0.5861301451133908, -0.10806230738849276, -0.33280325827468865, -0.9178786773927895, -0.14600709871060533, -0.8976308131280483, -0.1534474453512897])
(1, '1955', [-0.1468720813469858, -0.6826784344631341, -0.2570665808902406, -0.5216009831581446, -0.1423136133929641, -0.1410675995393959, -0.5931057502643741, -0.10806230738849276, -0.33280325827468865, -0.9178786773927895, -0.14600709871060533, -0.6880639111221588, -0.1534474453512897])
(1, '1958', [-0.1468720813469858, -0.8979413101743324, -0.2570665808902406, -0.5216009831581446, -0.1423136133929641, -0.1410675995393959, -0.4814960678486418, -0.10806230738849276, -0.33280325827468865, -0.9178786773927895, -0.14600709871060533, -0.8976308131280483, -0.1534474453512897])
(1, '1959', [0.5683154244481837, -0.25215268304073746, 2.2830548530504653, 1.5276195130512888, 0.9606168904025065, -0.1410675995393959, -0.5198618961790498, 0.11160533386024642, 3.2362868196549446, -0.19206309511009, 0.5611716229051193, -0.26893010711037996, 1.5862081636599032])
(1, '1961', [-0.1468720813469858, -0.6826784344631341, -0.2570665808902406, -0.5216009831581446, -0.1423136133929641, -0.1410675995393959, -0.66983740692519, -0.10806230738849276, -0.33280325827468865, -0.9178786773927895, -0.14600709871060533, -0.6880639111221588, -0.1534474453512897])
(1, '1968', [0.0319247951018066, -0.4674155587519358, 0.46868240023567526, 1.5276195130512888, -0.1423136133929641, -0.1410675995393959, -0.6000813554153573, -0.10806230738849276, 1.4517417806901278, -0.9178786773927895, 0.03078758169332584, -0.47849700911626936, -0.1534474453512897])
(1, '1972', [-0.10217286223478769, -0.4674155587519358, -0.07562933560876163, 1.5276195130512888, -0.1423136133929641, -0.1410675995393959, -0.6558861966232236, -0.10806230738849276, 1.4517417806901278, -0.9178786773927895, -0.10180842860962254, -0.47849700911626936, -0.1534474453512897])
(1, '1973', [-0.1468720813469858, -1.1132041858855308, -0.2570665808902406, -0.5216009831581446, -0.1423136133929641, -1.994565066335155, -0.7953982996428889, -0.10806230738849276, -0.33280325827468865, -1.643694259675489, -0.14600709871060533, -1.1071977151339378, -0.1534474453512897])
(1, '1974', [-0.1468720813469858, -1.1132041858855308, -0.2570665808902406, -0.5216009831581446, -0.1423136133929641, -1.994565066335155, -0.7953982996428889, -0.10806230738849276, -0.33280325827468865, -1.643694259675489, -0.14600709871060533, -1.1071977151339378, -0.1534474453512897])
(1, '1977', [-0.1468720813469858, -0.8979413101743324, -0.2570665808902406, -0.5216009831581446, -0.1423136133929641, -0.1410675995393959, -0.5059106858770832, -0.10806230738849276, -0.33280325827468865, -0.9178786773927895, -0.14600709871060533, -0.8976308131280483, -0.1534474453512897])
(1, '1981', [-0.1468720813469858, -0.8979413101743324, -0.2570665808902406, -0.5216009831581446, -0.1423136133929641, -0.1410675995393959, -0.7919104970673972, -0.10806230738849276, -0.33280325827468865, -0.9178786773927895, -0.14600709871060533, -0.8976308131280483, -0.1534474453512897])
(1, '1982', [-0.1468720813469858, -0.6826784344631341, -0.2570665808902406, -0.5216009831581446, -0.1423136133929641, -0.1410675995393959, -0.6872764198026482, -0.10806230738849276, -0.33280325827468865, -0.9178786773927895, -0.14600709871060533, -0.6880639111221588, -0.1534474453512897])
(1, '1987', [-0.1468720813469858, -0.6826784344631341, -0.2570665808902406, -0.5216009831581446, -0.1423136133929641, -0.1410675995393959, 0.5753081125253233, -0.10806230738849276, -0.33280325827468865, -0.9178786773927895, -0.14600709871060533, -0.6880639111221588, -0.1534474453512897])
(1, '1994', [-0.0574736431225896, -0.4674155587519358, 0.10580790967271733, -0.5216009831581446, -0.1423136133929641, -0.1410675995393959, -0.2373498875642274, -0.10806230738849276, 1.4517417806901278, -0.19206309511009, -0.057609758508639745, -0.47849700911626936, -0.1534474453512897])
(1, '1999', [-0.1468720813469858, -0.8979413101743324, -0.2570665808902406, -0.5216009831581446, -0.1423136133929641, -0.1410675995393959, -0.48498387042413343, -0.10806230738849276, -0.33280325827468865, -0.9178786773927895, -0.14600709871060533, -0.8976308131280483, -0.1534474453512897])
(1, '2000', [1.1941044920189572, -0.8979413101743324, 2.645929343613423, 1.5276195130512888, 2.063547394197977, -1.994565066335155, -0.7953982996428889, 0.770608257606464, 3.2362868196549446, -1.643694259675489, 1.1799530043188784, -0.8976308131280483, 1.5862081636599032])
(1, '2001', [-0.1468720813469858, -0.8979413101743324, -0.2570665808902406, -0.5216009831581446, -0.1423136133929641, -0.1410675995393959, -0.6454227888967486, -0.10806230738849276, -0.33280325827468865, -0.9178786773927895, -0.14600709871060533, -0.8976308131280483, -0.1534474453512897])
(1, '2002', [-0.1468720813469858, -0.6826784344631341, -0.2570665808902406, -0.5216009831581446, -0.1423136133929641, -0.1410675995393959, -0.0524963510631708, -0.10806230738849276, -0.33280325827468865, -0.9178786773927895, -0.14600709871060533, -0.6880639111221588, -0.1534474453512897])
(1, '2003', [0.0319247951018066, -1.1132041858855308, 0.46868240023567526, -0.5216009831581446, -0.1423136133929641, -1.994565066335155, -0.7953982996428889, -0.10806230738849276, 1.4517417806901278, -1.643694259675489, 0.03078758169332584, -1.1071977151339378, -0.1534474453512897])
(1, '2004', [-0.1468720813469858, -0.8979413101743324, -0.2570665808902406, -0.5216009831581446, -0.1423136133929641, -0.1410675995393959, -0.7291300507085479, -0.10806230738849276, -0.33280325827468865, -0.9178786773927895, -0.14600709871060533, -0.8976308131280483, -0.1534474453512897])
(1, '2005', [-0.1468720813469858, -0.4674155587519358, -0.2570665808902406, -0.5216009831581446, -0.1423136133929641, -0.1410675995393959, -0.784934891916414, -0.10806230738849276, -0.33280325827468865, -0.9178786773927895, -0.14600709871060533, -0.47849700911626936, -0.1534474453512897])
(1, '2010', [-0.1468720813469858, -0.6826784344631341, -0.2570665808902406, -0.5216009831581446, -0.1423136133929641, -0.1410675995393959, -0.15713042832791982, -0.10806230738849276, -0.33280325827468865, -0.9178786773927895, -0.14600709871060533, -0.6880639111221588, -0.1534474453512897])
