(0, '1027', [-0.1468720813469858, -0.03688980732953918, -0.2570665808902406, 1.5276195130512888, -0.1423136133929641, 1.7124298672563634, 2.0122827736278768, -0.10806230738849276, -0.33280325827468865, -0.19206309511009, -0.14600709871060533, -0.05936320510449048, -0.1534474453512897])
(0, '1030', [0.21072167155059898, -0.25215268304073746, 1.1944313813615912, 1.5276195130512888, -0.1423136133929641, 1.7124298672563634, -0.5303253039055247, -0.10806230738849276, 1.4517417806901278, -0.9178786773927895, 0.207582262097257, -0.05936320510449048, -0.1534474453512897])
(0, '1032', [-0.1468720813469858, 1.9004760740712454, -0.2570665808902406, 1.5276195130512888, -0.1423136133929641, 1.7124298672563634, 1.712331752135596, -0.10806230738849276, -0.33280325827468865, 0.5337524871726095, -0.14600709871060533, 1.8267389129485145, -0.1534474453512897])
(0, '1033', [-0.1468720813469858, 1.2546874469376508, -0.2570665808902406, -0.5216009831581446, -0.1423136133929641, -0.1410675995393959, 0.254430275580093, -0.10806230738849276, -0.33280325827468865, 0.5337524871726095, -0.14600709871060533, 1.1980382069308462, -0.1534474453512897])
(0, '1034', [0.2554208906627971, -0.03688980732953918, 1.37586862664307, 3.576840009260722, -0.1423136133929641, -0.1410675995393959, 0.4567228249586078, -0.10806230738849276, 1.4517417806901278, -0.19206309511009, 0.25178093219823977, -0.05936320510449048, -0.1534474453512897])
(0, '1035', [-0.1468720813469858, 1.2546874469376508, -0.2570665808902406, 1.5276195130512888, -0.1423136133929641, 1.7124298672563634, 1.1717223529343928, -0.10806230738849276, -0.33280325827468865, 0.5337524871726095, -0.14600709871060533, 1.1980382069308462, -0.1534474453512897])
(0, '1037', [-0.1468720813469858, 1.0394245712264523, -0.2570665808902406, -0.5216009831581446, -0.1423136133929641, -0.1410675995393959, -0.46405705497118366, -0.10806230738849276, -0.33280325827468865, 0.5337524871726095, -0.14600709871060533, 1.1980382069308462, -0.1534474453512897])
(0, '1039', [-0.1468720813469858, 0.39363594409285746, -0.2570665808902406, 1.5276195130512888, -0.1423136133929641, 1.7124298672563634, 0.0695767390790364, -0.10806230738849276, -0.33280325827468865, -0.19206309511009, -0.14600709871060533, 0.5693375009131779, -0.1534474453512897])
(0, '1043', [-0.1468720813469858, 1.2546874469376508, -0.2570665808902406, 1.5276195130512888, -0.1423136133929641, 1.7124298672563634, 0.4567228249586078, -0.10806230738849276, -0.33280325827468865, 0.5337524871726095, -0.14600709871060533, 1.1980382069308462, -0.1534474453512897])
(0, '1044', [-0.1468720813469858, 1.469950322648849, -0.2570665808902406, 3.576840009260722, -0.1423136133929641, -0.1410675995393959, -0.11178899484652857, -0.10806230738849276, -0.33280325827468865, 0.5337524871726095, -0.14600709871060533, 1.4076051089367356, -0.1534474453512897])
(0, '1047', [-0.1468720813469858, 0.6088988198040558, -0.2570665808902406, 1.5276195130512888, -0.1423136133929641, 1.7124298672563634, -0.1954962566583278, -0.10806230738849276, -0.33280325827468865, 0.5337524871726095, -0.14600709871060533, 0.5693375009131779, -0.1534474453512897])
(0, '1048', [-0.1468720813469858, -0.03688980732953918, -0.2570665808902406, 1.5276195130512888, -0.1423136133929641, 1.7124298672563634, -0.03156953561022099, -0.10806230738849276, -0.33280325827468865, 0.5337524871726095, -0.14600709871060533, 0.15020369690139898, -0.1534474453512897])
(0, '1049', [-0.1468720813469858, 1.2546874469376508, -0.2570665808902406, 1.5276195130512888, -0.1423136133929641, 1.7124298672563634, 0.6938934000920389, -0.10806230738849276, -0.33280325827468865, 0.5337524871726095, -0.14600709871060533, 1.1980382069308462, -0.1534474453512897])
(0, '1056', [-0.1468720813469858, 2.1157389497824437, -0.2570665808902406, -0.5216009831581446, -0.1423136133929641, -0.1410675995393959, 0.13235718543788583, -0.10806230738849276, -0.33280325827468865, 1.9853836517380086, -0.14600709871060533, 2.6650065209720726, -0.1534474453512897])
(0, '1058', [0.0766240142140047, 2.976790452627237, 0.6501196455171542, 1.5276195130512888, -0.1423136133929641, 1.7124298672563634, 3.512037881089279, -0.10806230738849276, 1.4517417806901278, 2.7111992340207083, 0.07498625179430864, 2.874573422977962, -0.1534474453512897])
(0, '1063', [-0.1468720813469858, 0.6088988198040558, -0.2570665808902406, 1.5276195130512888, -0.1423136133929641, 1.7124298672563634, 2.9191114432557015, -0.10806230738849276, -0.33280325827468865, -0.19206309511009, -0.14600709871060533, 0.5693375009131779, -0.1534474453512897])
(0, '1064', [-0.1468720813469858, 1.0394245712264523, -0.2570665808902406, -0.5216009831581446, -0.1423136133929641, -0.1410675995393959, 0.9554785932539114, -0.10806230738849276, -0.33280325827468865, 1.259568069455309, -0.14600709871060533, 1.1980382069308462, -0.1534474453512897])
(0, '1073', [-0.1468720813469858, 0.6088988198040558, -0.2570665808902406, 1.5276195130512888, -0.1423136133929641, 1.7124298672563634, -0.23386208498873579, -0.10806230738849276, -0.33280325827468865, -0.19206309511009, -0.14600709871060533, 0.5693375009131779, -0.1534474453512897])
(0, '1078', [-0.1468720813469858, 0.39363594409285746, -0.2570665808902406, 1.5276195130512888, -0.1423136133929641, 1.7124298672563634, 1.5379416233610144, -0.10806230738849276, -0.33280325827468865, 0.5337524871726095, -0.14600709871060533, 0.3597705989072884, -0.1534474453512897])
(0, '1083', [-0.1468720813469858, 3.4073162040496334, -0.2570665808902406, 1.5276195130512888, -0.1423136133929641, 1.7124298672563634, 0.4532350223831162, -0.10806230738849276, -0.33280325827468865, 1.259568069455309, -0.14600709871060533, 3.5032741289956304, -0.1534474453512897])
(0, '1084', [-0.1468720813469858, 1.2546874469376508, -0.2570665808902406, -0.5216009831581446, -0.1423136133929641, -0.1410675995393959, 0.7671372541773632, -0.10806230738849276, -0.33280325827468865, 4.888645980868807, -0.14600709871060533, 1.617172010942625, -0.1534474453512897])
(0, '1087', [-0.1468720813469858, 1.6852131983600473, -0.2570665808902406, -0.5216009831581446, -0.1423136133929641, -0.1410675995393959, 1.4123807306433154, -0.10806230738849276, -0.33280325827468865, 1.259568069455309, -0.14600709871060533, 1.617172010942625, -0.1534474453512897])
(0, '1088', [-0.1468720813469858, 1.9004760740712454, -0.2570665808902406, 1.5276195130512888, -0.1423136133929641, 1.7124298672563634, 3.3376477523146977, -0.10806230738849276, -0.33280325827468865, 0.5337524871726095, -0.14600709871060533, 1.8267389129485145, -0.1534474453512897])
(0, '1089', [-0.1468720813469858, 1.0394245712264523, -0.2570665808902406, -0.5216009831581446, -0.1423136133929641, -0.1410675995393959, 0.3834789708732835, -0.10806230738849276, -0.33280325827468865, 1.9853836517380086, -0.14600709871060533, 0.9884713049249568, -0.1534474453512897])
(0, '1090', [-0.1468720813469858, 0.17837306838165914, -0.2570665808902406, 1.5276195130512888, -0.1423136133929641, 1.7124298672563634, 0.4044057863262333, -0.10806230738849276, -0.33280325827468865, -0.19206309511009, -0.14600709871060533, 0.3597705989072884, -0.1534474453512897])
(0, '1091', [1.4622998066921458, 0.39363594409285746, 5.548925268117086, 1.5276195130512888, 3.166477897993447, 1.7124298672563634, 0.6450641640351561, 0.11160533386024642, 3.2362868196549446, 0.5337524871726095, 1.4451450249247753, 0.5693375009131779, 1.5862081636599032])
(0, '1095', [-0.1468720813469858, 2.331001825493642, -0.2570665808902406, 1.5276195130512888, -0.1423136133929641, 1.7124298672563634, -0.00017931243079628183, -0.10806230738849276, -0.33280325827468865, 1.259568069455309, -0.14600709871060533, 2.2458727169602937, -0.1534474453512897])
(0, '1100', [-0.1468720813469858, 1.0394245712264523, -0.2570665808902406, -0.5216009831581446, -0.1423136133929641, -0.1410675995393959, 0.13235718543788583, -0.10806230738849276, -0.33280325827468865, 0.5337524871726095, -0.14600709871060533, 0.9884713049249568, -0.1534474453512897])
(0, '1102', [-0.1468720813469858, 1.9004760740712454, -0.2570665808902406, 3.576840009260722, -0.1423136133929641, 3.5659273340521227, 1.9669413401464853, -0.10806230738849276, -0.33280325827468865, 1.259568069455309, -0.14600709871060533, 1.8267389129485145, -0.1534474453512897])
(0, '1104', [-0.1468720813469858, 1.0394245712264523, -0.2570665808902406, -0.5216009831581446, -0.1423136133929641, -0.1410675995393959, 0.6485519666106477, -0.10806230738849276, -0.33280325827468865, 1.259568069455309, -0.14600709871060533, 0.9884713049249568, -0.1534474453512897])
(0, '1106', [-0.1468720813469858, 1.469950322648849, -0.2570665808902406, 1.5276195130512888, -0.1423136133929641, 1.7124298672563634, 1.6495513057767466, -0.10806230738849276, -0.33280325827468865, 0.5337524871726095, -0.14600709871060533, 1.4076051089367356, -0.1534474453512897])
(0, '1107', [0.12132323332620279, 2.7615275769160386, 0.8315568907986332, 1.5276195130512888, -0.1423136133929641, 1.7124298672563634, 1.9181121040896025, -0.10806230738849276, 1.4517417806901278, 4.162830398586107, 0.11918492189529142, 3.0841403249838515, -0.1534474453512897])
(0, '1108', [-0.1468720813469858, 0.8241616955152541, -0.2570665808902406, 1.5276195130512888, -0.1423136133929641, 1.7124298672563634, 1.5100392027570813, -0.10806230738849276, -0.33280325827468865, 0.5337524871726095, -0.14600709871060533, 0.7789044029190674, -0.1534474453512897])
(0, '1109', [-0.1468720813469858, 2.1157389497824437, -0.2570665808902406, 1.5276195130512888, -0.1423136133929641, 1.7124298672563634, -0.17805724378086962, -0.10806230738849276, -0.33280325827468865, 1.259568069455309, -0.14600709871060533, 2.036305814954404, -0.1534474453512897])
(0, '1111', [-0.10217286223478769, 0.39363594409285746, -0.07562933560876163, 3.576840009260722, -0.1423136133929641, 3.5659273340521227, -0.6942520249536315, -0.10806230738849276, 1.4517417806901278, -0.19206309511009, -0.10180842860962254, 0.5693375009131779, -0.1534474453512897])
(0, '1114', [-0.1468720813469858, 1.469950322648849, -0.2570665808902406, -0.5216009831581446, -0.1423136133929641, -0.1410675995393959, -0.708203235255598, -0.10806230738849276, -0.33280325827468865, 1.9853836517380086, -0.14600709871060533, 1.4076051089367356, -0.1534474453512897])
(0, '1115', [-0.1468720813469858, 1.2546874469376508, -0.2570665808902406, 1.5276195130512888, -0.1423136133929641, 1.7124298672563634, -0.21293526953578598, -0.10806230738849276, -0.33280325827468865, 1.259568069455309, -0.14600709871060533, 1.4076051089367356, -0.1534474453512897])
(0, '1121', [-0.1468720813469858, 1.469950322648849, -0.2570665808902406, -0.5216009831581446, -0.1423136133929641, -0.1410675995393959, -0.6070569605663406, -0.10806230738849276, -0.33280325827468865, 1.9853836517380086, -0.14600709871060533, 1.8267389129485145, -0.1534474453512897])
(0, '1124', [-0.1468720813469858, 0.17837306838165914, -0.2570665808902406, 3.576840009260722, -0.1423136133929641, 1.7124298672563634, -0.4710326601221669, -0.10806230738849276, -0.33280325827468865, 0.5337524871726095, -0.14600709871060533, 0.15020369690139898, -0.1534474453512897])
(0, '1128', [0.3001201097749952, -0.25215268304073746, 1.1944313813615912, 1.5276195130512888, 0.9606168904025065, 1.7124298672563634, -0.08039877166710387, 0.11160533386024642, 3.2362868196549446, -0.19206309511009, 0.29597960229922254, -0.26893010711037996, 1.5862081636599032])
(0, '1132', [-0.1468720813469858, -0.25215268304073746, -0.2570665808902406, 1.5276195130512888, -0.1423136133929641, 1.7124298672563634, -0.6803008146516649, -0.10806230738849276, -0.33280325827468865, -0.19206309511009, -0.14600709871060533, -0.05936320510449048, -0.1534474453512897])
(0, '1134', [-0.1468720813469858, 1.6852131983600473, -0.2570665808902406, -0.5216009831581446, -0.1423136133929641, -0.1410675995393959, -0.014130522732762819, -0.10806230738849276, -0.33280325827468865, 1.259568069455309, -0.14600709871060533, 1.617172010942625, -0.1534474453512897])
(0, '1136', [-0.012774424010391503, 0.39363594409285746, 0.2872451549541963, 1.5276195130512888, -0.1423136133929641, 1.7124298672563634, 1.4123807306433154, -0.10806230738849276, 1.4517417806901278, 0.5337524871726095, -0.013411088407656951, 0.3597705989072884, -0.1534474453512897])
(0, '1138', [-0.10217286223478769, 0.39363594409285746, -0.07562933560876163, 1.5276195130512888, -0.1423136133929641, 1.7124298672563634, 0.6380885588841728, -0.10806230738849276, 1.4517417806901278, 0.5337524871726095, -0.10180842860962254, 0.3597705989072884, -0.1534474453512897])
(0, '1139', [-0.1468720813469858, 0.8241616955152541, -0.2570665808902406, 1.5276195130512888, -0.1423136133929641, 1.7124298672563634, 0.14630839573985235, -0.10806230738849276, -0.33280325827468865, 0.5337524871726095, -0.14600709871060533, 0.7789044029190674, -0.1534474453512897])
(0, '1144', [-0.10217286223478769, 1.2546874469376508, -0.07562933560876163, 1.5276195130512888, -0.1423136133929641, 1.7124298672563634, 2.0506486019582844, -0.10806230738849276, 1.4517417806901278, 1.259568069455309, -0.10180842860962254, 1.1980382069308462, -0.1534474453512897])
(0, '1153', [-0.1468720813469858, 1.2546874469376508, -0.2570665808902406, -0.5216009831581446, -0.1423136133929641, -0.1410675995393959, -0.31408154422504336, -0.10806230738849276, -0.33280325827468865, 1.259568069455309, -0.14600709871060533, 1.4076051089367356, -0.1534474453512897])
(0, '1158', [-0.1468720813469858, 1.0394245712264523, -0.2570665808902406, 1.5276195130512888, -0.1423136133929641, 1.7124298672563634, 0.22652785497615993, -0.10806230738849276, -0.33280325827468865, 1.259568069455309, -0.14600709871060533, 0.9884713049249568, -0.1534474453512897])
(0, '1161', [-0.1468720813469858, 1.469950322648849, -0.2570665808902406, -0.5216009831581446, -0.1423136133929641, -0.1410675995393959, -0.13271581029947838, -0.10806230738849276, -0.33280325827468865, 1.259568069455309, -0.14600709871060533, 1.617172010942625, -0.1534474453512897])
(0, '1166', [-0.10217286223478769, -0.25215268304073746, -0.07562933560876163, 1.5276195130512888, -0.1423136133929641, 1.7124298672563634, 0.1916498292212436, -0.10806230738849276, 1.4517417806901278, -0.19206309511009, -0.10180842860962254, -0.05936320510449048, -0.1534474453512897])
(0, '1171', [-0.1468720813469858, 1.0394245712264523, -0.2570665808902406, -0.5216009831581446, -0.1423136133929641, -0.1410675995393959, 0.6764543872145807, -0.10806230738849276, -0.33280325827468865, 1.259568069455309, -0.14600709871060533, 1.1980382069308462, -0.1534474453512897])
(0, '1173', [-0.1468720813469858, -0.03688980732953918, -0.2570665808902406, 1.5276195130512888, -0.1423136133929641, 1.7124298672563634, 0.5090398635909823, -0.10806230738849276, -0.33280325827468865, -0.9178786773927895, -0.14600709871060533, -0.05936320510449048, -0.1534474453512897])
(0, '1174', [-0.1468720813469858, 0.8241616955152541, -0.2570665808902406, 1.5276195130512888, -0.1423136133929641, -0.1410675995393959, 6.260426310576688, -0.10806230738849276, -0.33280325827468865, 0.5337524871726095, -0.14600709871060533, 0.7789044029190674, -0.1534474453512897])
(0, '1178', [-0.1468720813469858, 1.0394245712264523, -0.2570665808902406, -0.5216009831581446, -0.1423136133929641, -0.1410675995393959, 0.038186515899611695, -0.10806230738849276, -0.33280325827468865, 0.5337524871726095, -0.14600709871060533, 0.9884713049249568, -0.1534474453512897])
(0, '1184', [-0.1468720813469858, 2.331001825493642, -0.2570665808902406, -0.5216009831581446, -0.1423136133929641, -0.1410675995393959, -0.19200845408283618, -0.10806230738849276, -0.33280325827468865, 1.259568069455309, -0.14600709871060533, 2.2458727169602937, -0.1534474453512897])
(0, '1185', [-0.1468720813469858, 2.976790452627237, -0.2570665808902406, 1.5276195130512888, -0.1423136133929641, 1.7124298672563634, 0.11491817256042765, -0.10806230738849276, -0.33280325827468865, 0.5337524871726095, -0.14600709871060533, 3.2937072269897407, -0.1534474453512897])
(0, '1187', [-0.1468720813469858, 0.8241616955152541, -0.2570665808902406, -0.5216009831581446, -0.1423136133929641, -0.1410675995393959, -0.2652523081681605, -0.10806230738849276, -0.33280325827468865, 1.259568069455309, -0.14600709871060533, 0.7789044029190674, -0.1534474453512897])
(0, '1193', [-0.1468720813469858, 3.192053328338435, -0.2570665808902406, -0.5216009831581446, -0.1423136133929641, -0.1410675995393959, -0.6314715785947821, -0.10806230738849276, -0.33280325827468865, 2.7111992340207083, -0.14600709871060533, 3.2937072269897407, -0.1534474453512897])
(0, '1194', [-0.1468720813469858, 1.6852131983600473, -0.2570665808902406, -0.5216009831581446, -0.1423136133929641, -0.1410675995393959, 0.3869667734487751, -0.10806230738849276, -0.33280325827468865, 1.259568069455309, -0.14600709871060533, 1.617172010942625, -0.1534474453512897])
(0, '1196', [-0.1468720813469858, 0.39363594409285746, -0.2570665808902406, 3.576840009260722, -0.1423136133929641, 1.7124298672563634, 0.0591133313525615, -0.10806230738849276, -0.33280325827468865, 0.5337524871726095, -0.14600709871060533, 0.3597705989072884, -0.1534474453512897])
(0, '1197', [0.702413081784778, 0.8241616955152541, 3.1902410794578597, 1.5276195130512888, -0.1423136133929641, 1.7124298672563634, 0.5229910738929489, -0.10806230738849276, 1.4517417806901278, 0.5337524871726095, 0.6937676332080677, 0.7789044029190674, -0.1534474453512897])
(0, '1206', [-0.10217286223478769, 0.17837306838165914, -0.07562933560876163, 1.5276195130512888, -0.1423136133929641, 1.7124298672563634, 1.1752101555098844, -0.10806230738849276, 1.4517417806901278, -0.19206309511009, -0.10180842860962254, 0.3597705989072884, -0.1534474453512897])
(0, '1210', [-0.1468720813469858, 0.8241616955152541, -0.2570665808902406, -0.5216009831581446, -0.1423136133929641, -0.1410675995393959, -0.6803008146516649, -0.10806230738849276, -0.33280325827468865, 1.9853836517380086, -0.14600709871060533, 0.7789044029190674, -0.1534474453512897])
(0, '1212', [-0.1468720813469858, 1.0394245712264523, -0.2570665808902406, 1.5276195130512888, -0.1423136133929641, -0.1410675995393959, 0.13933279058886908, -0.10806230738849276, -0.33280325827468865, 0.5337524871726095, -0.14600709871060533, 0.9884713049249568, -0.1534474453512897])
(0, '1213', [-0.1468720813469858, 0.39363594409285746, -0.2570665808902406, 1.5276195130512888, -0.1423136133929641, 1.7124298672563634, -0.5617155270849494, -0.10806230738849276, -0.33280325827468865, 0.5337524871726095, -0.14600709871060533, 0.3597705989072884, -0.1534474453512897])
(0, '1223', [-0.1468720813469858, 1.0394245712264523, -0.2570665808902406, -0.5216009831581446, -0.1423136133929641, -0.1410675995393959, 1.4507465589737234, -0.10806230738849276, -0.33280325827468865, -0.19206309511009, -0.14600709871060533, 0.9884713049249568, -0.1534474453512897])
(0, '1224', [-0.1468720813469858, 1.6852131983600473, -0.2570665808902406, -0.5216009831581446, -0.1423136133929641, -0.1410675995393959, -0.6489105914722403, -0.10806230738849276, -0.33280325827468865, 1.259568069455309, -0.14600709871060533, 1.617172010942625, -0.1534474453512897])
(0, '1226', [-0.1468720813469858, 2.1157389497824437, -0.2570665808902406, 1.5276195130512888, -0.1423136133929641, 1.7124298672563634, 1.4681855718511816, -0.10806230738849276, -0.33280325827468865, 1.259568069455309, -0.14600709871060533, 2.036305814954404, -0.1534474453512897])
(0, '1231', [-0.1468720813469858, 1.0394245712264523, -0.2570665808902406, 1.5276195130512888, -0.1423136133929641, 1.7124298672563634, 0.12538158028690255, -0.10806230738849276, -0.33280325827468865, 0.5337524871726095, -0.14600709871060533, 0.9884713049249568, -0.1534474453512897])
(0, '1232', [-0.1468720813469858, 0.39363594409285746, -0.2570665808902406, 1.5276195130512888, -0.1423136133929641, -0.1410675995393959, 0.05213772620157823, -0.10806230738849276, -0.33280325827468865, 1.259568069455309, -0.14600709871060533, 0.3597705989072884, -0.1534474453512897])
(0, '1234', [-0.1468720813469858, 1.0394245712264523, -0.2570665808902406, 1.5276195130512888, -0.1423136133929641, 1.7124298672563634, 2.064599812260251, -0.10806230738849276, -0.33280325827468865, 1.259568069455309, -0.14600709871060533, 0.9884713049249568, -0.1534474453512897])
(0, '1237', [-0.1468720813469858, 0.6088988198040558, -0.2570665808902406, -0.5216009831581446, -0.1423136133929641, -0.1410675995393959, 1.530966018210031, -0.10806230738849276, -0.33280325827468865, 0.5337524871726095, -0.14600709871060533, 0.5693375009131779, -0.1534474453512897])
(0, '1243', [-0.1468720813469858, -0.03688980732953918, -0.2570665808902406, 1.5276195130512888, -0.1423136133929641, 1.7124298672563634, 1.370527099737416, -0.10806230738849276, -0.33280325827468865, -0.9178786773927895, -0.14600709871060533, -0.05936320510449048, -0.1534474453512897])
(0, '1249', [-0.1468720813469858, 2.331001825493642, -0.2570665808902406, 1.5276195130512888, -0.1423136133929641, 1.7124298672563634, 2.905160232953735, -0.10806230738849276, -0.33280325827468865, 1.259568069455309, -0.14600709871060533, 2.455439618966183, -0.1534474453512897])
(0, '1250', [-0.1468720813469858, 2.1157389497824437, -0.2570665808902406, -0.5216009831581446, -0.1423136133929641, -0.1410675995393959, -0.7570324713124809, -0.10806230738849276, -0.33280325827468865, 1.9853836517380086, -0.14600709871060533, 2.2458727169602937, -0.1534474453512897])
(0, '1252', [0.9259091773457686, -0.03688980732953918, 4.097427305865255, 1.5276195130512888, -0.1423136133929641, -0.1410675995393959, 1.0287224473392358, -0.10806230738849276, 1.4517417806901278, 0.5337524871726095, 0.9147609837129816, -0.05936320510449048, -0.1534474453512897])
(0, '1253', [-0.10217286223478769, -0.03688980732953918, -0.07562933560876163, 1.5276195130512888, -0.1423136133929641, -0.1410675995393959, 2.992355297341026, -0.10806230738849276, 1.4517417806901278, -0.19206309511009, -0.10180842860962254, -0.05936320510449048, -0.1534474453512897])
(0, '1254', [-0.1468720813469858, 2.1157389497824437, -0.2570665808902406, -0.5216009831581446, -0.1423136133929641, -0.1410675995393959, -0.5338131064810163, -0.10806230738849276, -0.33280325827468865, 4.162830398586107, -0.14600709871060533, 2.036305814954404, -0.1534474453512897])
(0, '1257', [-0.1468720813469858, 0.6088988198040558, -0.2570665808902406, 1.5276195130512888, -0.1423136133929641, 1.7124298672563634, 0.749698241299905, -0.10806230738849276, -0.33280325827468865, 0.5337524871726095, -0.14600709871060533, 0.9884713049249568, -0.1534474453512897])
(0, '1258', [-0.10217286223478769, 0.8241616955152541, -0.07562933560876163, 1.5276195130512888, -0.1423136133929641, 1.7124298672563634, 2.2703801642142576, -0.10806230738849276, 1.4517417806901278, 0.5337524871726095, -0.10180842860962254, 0.7789044029190674, -0.1534474453512897])
(0, '1262', [0.12132323332620279, -0.25215268304073746, 0.8315568907986332, 1.5276195130512888, -0.1423136133929641, 1.7124298672563634, 0.07655234423001968, -0.10806230738849276, 1.4517417806901278, -0.19206309511009, 0.11918492189529142, -0.05936320510449048, -0.1534474453512897])
(0, '1264', [-0.1468720813469858, 1.0394245712264523, -0.2570665808902406, -0.5216009831581446, -0.1423136133929641, -0.1410675995393959, 0.045162121050594965, -0.10806230738849276, -0.33280325827468865, 0.5337524871726095, -0.14600709871060533, 1.1980382069308462, -0.1534474453512897])
(0, '1265', [-0.1468720813469858, 1.0394245712264523, -0.2570665808902406, 1.5276195130512888, -0.1423136133929641, 1.7124298672563634, -0.08039877166710387, -0.10806230738849276, -0.33280325827468865, 0.5337524871726095, -0.14600709871060533, 0.9884713049249568, -0.1534474453512897])
(0, '1279', [-0.1468720813469858, -0.03688980732953918, -0.2570665808902406, 1.5276195130512888, -0.1423136133929641, 1.7124298672563634, 1.789063408796412, -0.10806230738849276, -0.33280325827468865, -0.19206309511009, -0.14600709871060533, -0.05936320510449048, -0.1534474453512897])
(0, '1283', [-0.1468720813469858, 1.0394245712264523, -0.2570665808902406, -0.5216009831581446, -0.1423136133929641, -0.1410675995393959, 1.3949417177658574, -0.10806230738849276, -0.33280325827468865, 1.259568069455309, -0.14600709871060533, 0.9884713049249568, -0.1534474453512897])
(0, '1307', [-0.1468720813469858, 0.39363594409285746, -0.2570665808902406, 1.5276195130512888, -0.1423136133929641, 1.7124298672563634, 3.689915812439353, -0.10806230738849276, -0.33280325827468865, -0.19206309511009, -0.14600709871060533, 0.3597705989072884, -0.1534474453512897])
(0, '1320', [-0.1468720813469858, 1.469950322648849, -0.2570665808902406, -0.5216009831581446, -0.1423136133929641, -0.1410675995393959, -0.66983740692519, -0.10806230738849276, -0.33280325827468865, 1.259568069455309, -0.14600709871060533, 1.4076051089367356, -0.1534474453512897])
(0, '1334', [-0.1468720813469858, 1.2546874469376508, -0.2570665808902406, -0.5216009831581446, -0.1423136133929641, -0.1410675995393959, 1.332161271407008, -0.10806230738849276, -0.33280325827468865, 1.259568069455309, -0.14600709871060533, 1.1980382069308462, -0.1534474453512897])
(0, '1335', [-0.1468720813469858, 1.469950322648849, -0.2570665808902406, 1.5276195130512888, -0.1423136133929641, 1.7124298672563634, -0.18154504635636126, -0.10806230738849276, -0.33280325827468865, 0.5337524871726095, -0.14600709871060533, 1.4076051089367356, -0.1534474453512897])
(0, '1338', [-0.1468720813469858, 0.8241616955152541, -0.2570665808902406, 1.5276195130512888, -0.1423136133929641, -0.1410675995393959, 0.8613079237156374, -0.10806230738849276, -0.33280325827468865, 0.5337524871726095, -0.14600709871060533, 0.7789044029190674, -0.1534474453512897])
(0, '1344', [-0.1468720813469858, 1.0394245712264523, -0.2570665808902406, -0.5216009831581446, -0.1423136133929641, -0.1410675995393959, 0.03469871332412006, -0.10806230738849276, -0.33280325827468865, 1.9853836517380086, -0.14600709871060533, 0.9884713049249568, -0.1534474453512897])
(0, '1351', [-0.1468720813469858, 2.1157389497824437, -0.2570665808902406, 1.5276195130512888, -0.1423136133929641, 1.7124298672563634, 1.415868533218807, -0.10806230738849276, -0.33280325827468865, 2.7111992340207083, -0.14600709871060533, 2.036305814954404, -0.1534474453512897])
(0, '1352', [-0.1468720813469858, 1.0394245712264523, -0.2570665808902406, 1.5276195130512888, -0.1423136133929641, 1.7124298672563634, -0.29664253134758517, -0.10806230738849276, -0.33280325827468865, 0.5337524871726095, -0.14600709871060533, 0.9884713049249568, -0.1534474453512897])
(0, '1353', [-0.1468720813469858, 1.9004760740712454, -0.2570665808902406, 1.5276195130512888, -0.1423136133929641, 1.7124298672563634, 5.0013295808242075, -0.10806230738849276, -0.33280325827468865, 4.162830398586107, -0.14600709871060533, 2.036305814954404, -0.1534474453512897])
(0, '1358', [-0.1468720813469858, 1.6852131983600473, -0.2570665808902406, -0.5216009831581446, -0.1423136133929641, -0.1410675995393959, -0.2164230721112776, -0.10806230738849276, -0.33280325827468865, 1.259568069455309, -0.14600709871060533, 1.617172010942625, -0.1534474453512897])
(0, '1359', [-0.1468720813469858, 1.0394245712264523, -0.2570665808902406, -0.5216009831581446, -0.1423136133929641, -0.1410675995393959, 1.3286734688315163, -0.10806230738849276, -0.33280325827468865, 2.7111992340207083, -0.14600709871060533, 0.9884713049249568, -0.1534474453512897])
(0, '1360', [0.12132323332620279, 2.7615275769160386, 0.8315568907986332, 3.576840009260722, -0.1423136133929641, 3.5659273340521227, 3.5085500785137875, -0.10806230738849276, 1.4517417806901278, 0.5337524871726095, 0.11918492189529142, 3.0841403249838515, -0.1534474453512897])
(0, '1361', [-0.1468720813469858, 1.0394245712264523, -0.2570665808902406, -0.5216009831581446, -0.1423136133929641, -0.1410675995393959, 0.01028409529567862, -0.10806230738849276, -0.33280325827468865, 1.259568069455309, -0.14600709871060533, 0.9884713049249568, -0.1534474453512897])
(0, '1362', [-0.1468720813469858, 1.469950322648849, -0.2570665808902406, -0.5216009831581446, -0.1423136133929641, -0.1410675995393959, 0.2718692884575512, -0.10806230738849276, -0.33280325827468865, 1.259568069455309, -0.14600709871060533, 1.4076051089367356, -0.1534474453512897])
(0, '1370', [-0.1468720813469858, 1.2546874469376508, -0.2570665808902406, 1.5276195130512888, -0.1423136133929641, 1.7124298672563634, 1.2414784044442253, -0.10806230738849276, -0.33280325827468865, 0.5337524871726095, -0.14600709871060533, 1.1980382069308462, -0.1534474453512897])
(0, '1371', [-0.1468720813469858, 0.17837306838165914, -0.2570665808902406, 1.5276195130512888, -0.1423136133929641, 1.7124298672563634, 1.8448682500042781, -0.10806230738849276, -0.33280325827468865, 0.5337524871726095, -0.14600709871060533, 0.15020369690139898, -0.1534474453512897])
(0, '1376', [-0.1468720813469858, 2.976790452627237, -0.2570665808902406, -0.5216009831581446, -0.1423136133929641, -0.1410675995393959, -0.7221544455575646, -0.10806230738849276, -0.33280325827468865, 2.7111992340207083, -0.14600709871060533, 3.0841403249838515, -0.1534474453512897])
(0, '1387', [-0.1468720813469858, 2.7615275769160386, -0.2570665808902406, 1.5276195130512888, -0.1423136133929641, 1.7124298672563634, -0.12574020514849513, -0.10806230738849276, -0.33280325827468865, 1.9853836517380086, -0.14600709871060533, 2.874573422977962, -0.1534474453512897])
(0, '1389', [-0.1468720813469858, 0.8241616955152541, -0.2570665808902406, 3.576840009260722, -0.1423136133929641, 3.5659273340521227, 0.4776496404115576, -0.10806230738849276, -0.33280325827468865, -0.19206309511009, -0.14600709871060533, 0.9884713049249568, -0.1534474453512897])
(0, '1397', [-0.1468720813469858, 1.0394245712264523, -0.2570665808902406, -0.5216009831581446, -0.1423136133929641, -0.1410675995393959, -0.4187156214897924, -0.10806230738849276, -0.33280325827468865, 1.259568069455309, -0.14600709871060533, 0.9884713049249568, -0.1534474453512897])
(0, '1405', [0.0319247951018066, 0.39363594409285746, 0.46868240023567526, 1.5276195130512888, -0.1423136133929641, 1.7124298672563634, 0.038186515899611695, -0.10806230738849276, 1.4517417806901278, -0.19206309511009, 0.03078758169332584, 0.3597705989072884, -0.1534474453512897])
(0, '1406', [-0.1468720813469858, 0.8241616955152541, -0.2570665808902406, -0.5216009831581446, -0.1423136133929641, -0.1410675995393959, -0.2687401107436521, -0.10806230738849276, -0.33280325827468865, 1.259568069455309, -0.14600709871060533, 0.7789044029190674, -0.1534474453512897])
(0, '1410', [-0.1468720813469858, 1.0394245712264523, -0.2570665808902406, -0.5216009831581446, -0.1423136133929641, -0.1410675995393959, 0.27535709103304284, -0.10806230738849276, -0.33280325827468865, 0.5337524871726095, -0.14600709871060533, 1.617172010942625, -0.1534474453512897])
(0, '1412', [-0.1468720813469858, 1.6852131983600473, -0.2570665808902406, -0.5216009831581446, -0.1423136133929641, -0.1410675995393959, -0.5512521193584745, -0.10806230738849276, -0.33280325827468865, 0.5337524871726095, -0.14600709871060533, 1.617172010942625, -0.1534474453512897])
(0, '1416', [-0.1468720813469858, 1.2546874469376508, -0.2570665808902406, -0.5216009831581446, -0.1423136133929641, -0.1410675995393959, -0.6279837760192905, -0.10806230738849276, -0.33280325827468865, 1.259568069455309, -0.14600709871060533, 1.1980382069308462, -0.1534474453512897])
(0, '1418', [-0.1468720813469858, -0.03688980732953918, -0.2570665808902406, 1.5276195130512888, -0.1423136133929641, 1.7124298672563634, 0.5160154687419656, -0.10806230738849276, -0.33280325827468865, -0.9178786773927895, -0.14600709871060533, -0.05936320510449048, -0.1534474453512897])
(0, '1422', [-0.1468720813469858, 0.17837306838165914, -0.2570665808902406, 1.5276195130512888, -0.1423136133929641, 1.7124298672563634, 1.046161460216694, -0.10806230738849276, -0.33280325827468865, -0.19206309511009, -0.14600709871060533, 0.15020369690139898, -0.1534474453512897])
(0, '1426', [-0.1468720813469858, 1.0394245712264523, -0.2570665808902406, -0.5216009831581446, -0.1423136133929641, -0.1410675995393959, 0.37999116829779184, -0.10806230738849276, -0.33280325827468865, 1.259568069455309, -0.14600709871060533, 0.9884713049249568, -0.1534474453512897])
(0, '1428', [0.21072167155059898, 0.6088988198040558, 1.1944313813615912, 1.5276195130512888, -0.1423136133929641, 1.7124298672563634, 6.849864945834773, -0.10806230738849276, 1.4517417806901278, -0.19206309511009, 0.207582262097257, 0.5693375009131779, -0.1534474453512897])
(0, '1429', [-0.1468720813469858, 1.9004760740712454, -0.2570665808902406, -0.5216009831581446, -0.1423136133929641, -0.1410675995393959, 2.5249897522251468, -0.10806230738849276, -0.33280325827468865, 1.259568069455309, -0.14600709871060533, 2.036305814954404, -0.1534474453512897])
(0, '1432', [-0.1468720813469858, 0.39363594409285746, -0.2570665808902406, 1.5276195130512888, -0.1423136133929641, 1.7124298672563634, 1.6286244903237967, -0.10806230738849276, -0.33280325827468865, -0.19206309511009, -0.14600709871060533, 0.5693375009131779, -0.1534474453512897])
(0, '1436', [0.0319247951018066, 2.1157389497824437, 0.46868240023567526, 1.5276195130512888, -0.1423136133929641, 1.7124298672563634, 0.21955224982517668, -0.10806230738849276, 1.4517417806901278, 1.259568069455309, 0.03078758169332584, 2.2458727169602937, -0.1534474453512897])
(0, '1442', [-0.1468720813469858, 0.6088988198040558, -0.2570665808902406, 1.5276195130512888, -0.1423136133929641, 1.7124298672563634, -0.718666642982073, -0.10806230738849276, -0.33280325827468865, -0.19206309511009, -0.14600709871060533, 0.5693375009131779, -0.1534474453512897])
(0, '1445', [-0.1468720813469858, -0.03688980732953918, -0.2570665808902406, 1.5276195130512888, -0.1423136133929641, 1.7124298672563634, -0.5024228833015916, -0.10806230738849276, -0.33280325827468865, -0.9178786773927895, -0.14600709871060533, -0.05936320510449048, -0.1534474453512897])
(0, '1449', [-0.1468720813469858, 1.469950322648849, -0.2570665808902406, 1.5276195130512888, -0.1423136133929641, 1.7124298672563634, 1.7751121984944453, -0.10806230738849276, -0.33280325827468865, 0.5337524871726095, -0.14600709871060533, 1.4076051089367356, -0.1534474453512897])
(0, '1450', [-0.1468720813469858, 0.6088988198040558, -0.2570665808902406, 1.5276195130512888, -0.1423136133929641, 1.7124298672563634, 2.371526438903515, -0.10806230738849276, -0.33280325827468865, -0.19206309511009, -0.14600709871060533, 0.5693375009131779, -0.1534474453512897])
(0, '1455', [-0.1468720813469858, 0.6088988198040558, -0.2570665808902406, 1.5276195130512888, -0.1423136133929641, 1.7124298672563634, -0.2268864798377525, -0.10806230738849276, -0.33280325827468865, -0.19206309511009, -0.14600709871060533, 0.7789044029190674, -0.1534474453512897])
(0, '1457', [-0.10217286223478769, -0.03688980732953918, -0.07562933560876163, 1.5276195130512888, -0.1423136133929641, 1.7124298672563634, -0.2268864798377525, -0.10806230738849276, 1.4517417806901278, -0.19206309511009, -0.10180842860962254, -0.05936320510449048, -0.1534474453512897])
(0, '1458', [-0.1468720813469858, -0.03688980732953918, -0.2570665808902406, 1.5276195130512888, -0.1423136133929641, 1.7124298672563634, -0.6942520249536315, -0.10806230738849276, -0.33280325827468865, 0.5337524871726095, -0.14600709871060533, 0.15020369690139898, -0.1534474453512897])
(0, '1459', [2.982073256506881, 1.6852131983600473, 7.726172211494834, 3.576840009260722, 3.166477897993447, 3.5659273340521227, 2.200624112704425, 1.8689464638501598, 3.2362868196549446, 0.5337524871726095, 2.94789980835819, 1.617172010942625, 3.3258637726710965])
(0, '1462', [-0.10217286223478769, 2.976790452627237, -0.07562933560876163, 1.5276195130512888, -0.1423136133929641, 1.7124298672563634, 0.47067403526057433, -0.10806230738849276, 1.4517417806901278, 1.259568069455309, -0.10180842860962254, 2.874573422977962, -0.1534474453512897])
(0, '1463', [-0.1468720813469858, 0.6088988198040558, -0.2570665808902406, -0.5216009831581446, -0.1423136133929641, -0.1410675995393959, 0.19862543437222688, -0.10806230738849276, -0.33280325827468865, 1.9853836517380086, -0.14600709871060533, 0.5693375009131779, -0.1534474453512897])
(0, '1464', [-0.1468720813469858, 2.1157389497824437, -0.2570665808902406, 1.5276195130512888, -0.1423136133929641, -0.1410675995393959, -0.7674958790389558, -0.10806230738849276, -0.33280325827468865, 1.9853836517380086, -0.14600709871060533, 2.036305814954404, -0.1534474453512897])
(0, '1466', [-0.1468720813469858, 2.7615275769160386, -0.2570665808902406, -0.5216009831581446, -0.1423136133929641, -0.1410675995393959, -0.7047154326801064, -0.10806230738849276, -0.33280325827468865, 1.9853836517380086, -0.14600709871060533, 2.6650065209720726, -0.1534474453512897])
(0, '1473', [-0.1468720813469858, 0.6088988198040558, -0.2570665808902406, 1.5276195130512888, -0.1423136133929641, 1.7124298672563634, -0.4675448575466753, -0.10806230738849276, -0.33280325827468865, -0.19206309511009, -0.14600709871060533, 0.5693375009131779, -0.1534474453512897])
(0, '1475', [-0.1468720813469858, 2.5462647012048403, -0.2570665808902406, 1.5276195130512888, -0.1423136133929641, 1.7124298672563634, -0.317569346800535, -0.10806230738849276, -0.33280325827468865, 1.259568069455309, -0.14600709871060533, 2.455439618966183, -0.1534474453512897])
(0, '1480', [-0.1468720813469858, 0.39363594409285746, -0.2570665808902406, 1.5276195130512888, -0.1423136133929641, 1.7124298672563634, 1.4298197435207736, -0.10806230738849276, -0.33280325827468865, -0.19206309511009, -0.14600709871060533, 0.3597705989072884, -0.1534474453512897])
(0, '1485', [-0.1468720813469858, 2.331001825493642, -0.2570665808902406, 1.5276195130512888, -0.1423136133929641, -0.1410675995393959, -0.641934986321257, -0.10806230738849276, -0.33280325827468865, 1.259568069455309, -0.14600709871060533, 2.2458727169602937, -0.1534474453512897])
(0, '1486', [-0.1468720813469858, 1.0394245712264523, -0.2570665808902406, -0.5216009831581446, -0.1423136133929641, -0.1410675995393959, -0.42569122664077563, -0.10806230738849276, -0.33280325827468865, 1.259568069455309, -0.14600709871060533, 0.9884713049249568, -0.1534474453512897])
(0, '1487', [-0.1468720813469858, 0.6088988198040558, -0.2570665808902406, 1.5276195130512888, -0.1423136133929641, -0.1410675995393959, -0.4919594755751167, -0.10806230738849276, -0.33280325827468865, 0.5337524871726095, -0.14600709871060533, 0.5693375009131779, -0.1534474453512897])
(0, '1489', [-0.1468720813469858, 1.0394245712264523, -0.2570665808902406, 1.5276195130512888, -0.1423136133929641, 1.7124298672563634, 1.1926491683873426, -0.10806230738849276, -0.33280325827468865, 0.5337524871726095, -0.14600709871060533, 0.9884713049249568, -0.1534474453512897])
(0, '1512', [-0.1468720813469858, 2.331001825493642, -0.2570665808902406, 1.5276195130512888, -0.1423136133929641, 1.7124298672563634, 0.027723108173136793, -0.10806230738849276, -0.33280325827468865, 1.259568069455309, -0.14600709871060533, 2.2458727169602937, -0.1534474453512897])
(0, '1517', [0.0319247951018066, -0.25215268304073746, 0.46868240023567526, 1.5276195130512888, -0.1423136133929641, 1.7124298672563634, -0.05598415363866243, -0.10806230738849276, 1.4517417806901278, -0.19206309511009, 0.03078758169332584, -0.26893010711037996, -0.1534474453512897])
(0, '1518', [-0.1468720813469858, 1.2546874469376508, -0.2570665808902406, 1.5276195130512888, -0.1423136133929641, 1.7124298672563634, -0.13620361287497001, -0.10806230738849276, -0.33280325827468865, 0.5337524871726095, -0.14600709871060533, 1.4076051089367356, -0.1534474453512897])
(0, '1521', [-0.1468720813469858, 2.976790452627237, -0.2570665808902406, 1.5276195130512888, -0.1423136133929641, 1.7124298672563634, -0.5024228833015916, -0.10806230738849276, -0.33280325827468865, 3.4370148163034075, -0.14600709871060533, 2.874573422977962, -0.1534474453512897])
(0, '1526', [-0.1468720813469858, 0.8241616955152541, -0.2570665808902406, -0.5216009831581446, -0.1423136133929641, -0.1410675995393959, 0.08701575195649458, -0.10806230738849276, -0.33280325827468865, 1.259568069455309, -0.14600709871060533, 0.7789044029190674, -0.1534474453512897])
(0, '1528', [-0.1468720813469858, 1.2546874469376508, -0.2570665808902406, 1.5276195130512888, -0.1423136133929641, 1.7124298672563634, -0.27920351847012703, -0.10806230738849276, -0.33280325827468865, 1.259568069455309, -0.14600709871060533, 1.1980382069308462, -0.1534474453512897])
(0, '1530', [-0.1468720813469858, 1.6852131983600473, -0.2570665808902406, 1.5276195130512888, -0.1423136133929641, 1.7124298672563634, 0.3765033657223002, -0.10806230738849276, -0.33280325827468865, 0.5337524871726095, -0.14600709871060533, 1.617172010942625, -0.1534474453512897])
(0, '1535', [-0.1468720813469858, 2.5462647012048403, -0.2570665808902406, 3.576840009260722, -0.1423136133929641, 1.7124298672563634, -0.3663985828574179, -0.10806230738849276, -0.33280325827468865, 1.259568069455309, -0.14600709871060533, 2.455439618966183, -0.1534474453512897])
(0, '1537', [-0.1468720813469858, 0.8241616955152541, -0.2570665808902406, -0.5216009831581446, -0.1423136133929641, -0.1410675995393959, -0.784934891916414, -0.10806230738849276, -0.33280325827468865, 1.259568069455309, -0.14600709871060533, 1.1980382069308462, -0.1534474453512897])
(0, '1538', [-0.1468720813469858, 0.17837306838165914, -0.2570665808902406, 1.5276195130512888, -0.1423136133929641, 1.7124298672563634, 0.2718692884575512, -0.10806230738849276, -0.33280325827468865, -0.19206309511009, -0.14600709871060533, 0.15020369690139898, -0.1534474453512897])
(0, '1545', [-0.1468720813469858, 1.0394245712264523, -0.2570665808902406, -0.5216009831581446, -0.1423136133929641, -0.1410675995393959, 1.046161460216694, -0.10806230738849276, -0.33280325827468865, 1.259568069455309, -0.14600709871060533, 0.9884713049249568, -0.1534474453512897])
(0, '1548', [-0.0574736431225896, 0.8241616955152541, 0.10580790967271733, 1.5276195130512888, -0.1423136133929641, 1.7124298672563634, -0.32105714937602664, -0.10806230738849276, 1.4517417806901278, 0.5337524871726095, -0.057609758508639745, 0.7789044029190674, -0.1534474453512897])
(0, '1555', [-0.1468720813469858, 0.6088988198040558, -0.2570665808902406, 1.5276195130512888, -0.1423136133929641, 1.7124298672563634, 0.502064258439999, -0.10806230738849276, -0.33280325827468865, 0.5337524871726095, -0.14600709871060533, 0.7789044029190674, -0.1534474453512897])
(0, '1563', [-0.1468720813469858, 1.469950322648849, -0.2570665808902406, -0.5216009831581446, -0.1423136133929641, -0.1410675995393959, 1.3670392971619243, -0.10806230738849276, -0.33280325827468865, 1.259568069455309, -0.14600709871060533, 1.617172010942625, -0.1534474453512897])
(0, '1566', [-0.1468720813469858, 1.0394245712264523, -0.2570665808902406, 1.5276195130512888, -0.1423136133929641, 1.7124298672563634, 2.0297217865053345, -0.10806230738849276, -0.33280325827468865, 0.5337524871726095, -0.14600709871060533, 0.9884713049249568, -0.1534474453512897])
(0, '1570', [-0.1468720813469858, 1.2546874469376508, -0.2570665808902406, 3.576840009260722, -0.1423136133929641, 1.7124298672563634, 6.609206568125851, -0.10806230738849276, -0.33280325827468865, 0.5337524871726095, -0.14600709871060533, 1.617172010942625, -0.1534474453512897])
(0, '1571', [-0.10217286223478769, 0.8241616955152541, -0.07562933560876163, 1.5276195130512888, -0.1423136133929641, 1.7124298672563634, 0.4253326017791831, -0.10806230738849276, 1.4517417806901278, -0.19206309511009, -0.10180842860962254, 0.7789044029190674, -0.1534474453512897])
(0, '1575', [-0.1468720813469858, 0.6088988198040558, -0.2570665808902406, 1.5276195130512888, -0.1423136133929641, 1.7124298672563634, 1.7541853830414957, -0.10806230738849276, -0.33280325827468865, 0.5337524871726095, -0.14600709871060533, 0.5693375009131779, -0.1534474453512897])
(0, '1579', [-0.1468720813469858, 7.066785091140005, -0.2570665808902406, 1.5276195130512888, -0.1423136133929641, 1.7124298672563634, 0.4776496404115576, -0.10806230738849276, -0.33280325827468865, 1.9853836517380086, -0.14600709871060533, 6.856344561089862, -0.1534474453512897])
(0, '1588', [-0.1468720813469858, 0.8241616955152541, -0.2570665808902406, 3.576840009260722, -0.1423136133929641, 1.7124298672563634, 1.3077466533785664, -0.10806230738849276, -0.33280325827468865, 0.5337524871726095, -0.14600709871060533, 0.7789044029190674, -0.1534474453512897])
(0, '1594', [2.6691787227214943, 0.39363594409285746, 3.9159900605837756, 1.5276195130512888, 6.47526940937986, 1.7124298672563634, 1.454234361549215, 4.285290517586291, 5.020831858619761, -0.19206309511009, 2.6827077877522933, 0.3597705989072884, 6.805174990693482])
(0, '1599', [-0.1468720813469858, 0.8241616955152541, -0.2570665808902406, 1.5276195130512888, -0.1423136133929641, -0.1410675995393959, -0.3977888060368426, -0.10806230738849276, -0.33280325827468865, 1.259568069455309, -0.14600709871060533, 0.7789044029190674, -0.1534474453512897])
(0, '1607', [-0.1468720813469858, 1.0394245712264523, -0.2570665808902406, -0.5216009831581446, -0.1423136133929641, -0.1410675995393959, -0.34547176740446806, -0.10806230738849276, -0.33280325827468865, 1.9853836517380086, -0.14600709871060533, 0.9884713049249568, -0.1534474453512897])
(0, '1609', [-0.1468720813469858, 0.39363594409285746, -0.2570665808902406, 1.5276195130512888, -0.1423136133929641, -0.1410675995393959, -0.5477643167829829, -0.10806230738849276, -0.33280325827468865, 0.5337524871726095, -0.14600709871060533, 0.3597705989072884, -0.1534474453512897])
(0, '1612', [-0.1468720813469858, -0.03688980732953918, -0.2570665808902406, 1.5276195130512888, -0.1423136133929641, 1.7124298672563634, 0.4532350223831162, -0.10806230738849276, -0.33280325827468865, -0.19206309511009, -0.14600709871060533, -0.05936320510449048, -0.1534474453512897])
(0, '1613', [-0.1468720813469858, 1.6852131983600473, -0.2570665808902406, 1.5276195130512888, -0.1423136133929641, 1.7124298672563634, 0.34860094511836714, -0.10806230738849276, -0.33280325827468865, 0.5337524871726095, -0.14600709871060533, 1.617172010942625, -0.1534474453512897])
(0, '1614', [-0.0574736431225896, -0.03688980732953918, 0.10580790967271733, 1.5276195130512888, -0.1423136133929641, 1.7124298672563634, 0.09399135710747784, -0.10806230738849276, 1.4517417806901278, -0.19206309511009, -0.057609758508639745, -0.05936320510449048, -0.1534474453512897])
(0, '1618', [-0.1468720813469858, 0.39363594409285746, -0.2570665808902406, 1.5276195130512888, -0.1423136133929641, 1.7124298672563634, -0.15713042832791982, -0.10806230738849276, -0.33280325827468865, 0.5337524871726095, -0.14600709871060533, 0.3597705989072884, -0.1534474453512897])
(0, '1624', [-0.1468720813469858, 1.469950322648849, -0.2570665808902406, 1.5276195130512888, -0.1423136133929641, 1.7124298672563634, 0.7636494516018716, -0.10806230738849276, -0.33280325827468865, 1.259568069455309, -0.14600709871060533, 1.4076051089367356, -0.1534474453512897])
(0, '1626', [-0.1468720813469858, 1.0394245712264523, -0.2570665808902406, 1.5276195130512888, -0.1423136133929641, 1.7124298672563634, 0.6520397691861394, -0.10806230738849276, -0.33280325827468865, 1.259568069455309, -0.14600709871060533, 0.9884713049249568, -0.1534474453512897])
(0, '1631', [-0.1468720813469858, 0.6088988198040558, -0.2570665808902406, 1.5276195130512888, -0.1423136133929641, 1.7124298672563634, 4.3735251172357135, -0.10806230738849276, -0.33280325827468865, 0.5337524871726095, -0.14600709871060533, 0.7789044029190674, -0.1534474453512897])
(0, '1637', [-0.1468720813469858, 1.0394245712264523, -0.2570665808902406, -0.5216009831581446, -0.1423136133929641, -0.1410675995393959, -0.0838865742425955, -0.10806230738849276, -0.33280325827468865, 1.259568069455309, -0.14600709871060533, 0.9884713049249568, -0.1534474453512897])
(0, '1639', [-0.1468720813469858, 4.698893458316824, -0.2570665808902406, -0.5216009831581446, -0.1423136133929641, -0.1410675995393959, -0.22339867726226087, -0.10806230738849276, -0.33280325827468865, 4.162830398586107, -0.14600709871060533, 4.5511086390250775, -0.1534474453512897])
(0, '1645', [-0.1468720813469858, 1.469950322648849, -0.2570665808902406, -0.5216009831581446, -0.1423136133929641, -0.1410675995393959, -0.27920351847012703, -0.10806230738849276, -0.33280325827468865, 1.259568069455309, -0.14600709871060533, 1.4076051089367356, -0.1534474453512897])
(0, '1646', [-0.1468720813469858, 1.2546874469376508, -0.2570665808902406, -0.5216009831581446, -0.1423136133929641, -0.1410675995393959, 0.3346497348164006, -0.10806230738849276, -0.33280325827468865, 1.259568069455309, -0.14600709871060533, 1.4076051089367356, -0.1534474453512897])
(0, '1648', [-0.0574736431225896, -0.25215268304073746, 0.10580790967271733, 1.5276195130512888, -0.1423136133929641, 1.7124298672563634, 3.1458186106626576, -0.10806230738849276, 1.4517417806901278, -0.19206309511009, -0.057609758508639745, -0.26893010711037996, -0.1534474453512897])
(0, '1654', [-0.1468720813469858, 1.469950322648849, -0.2570665808902406, -0.5216009831581446, -0.1423136133929641, -0.1410675995393959, -0.2164230721112776, -0.10806230738849276, -0.33280325827468865, 1.259568069455309, -0.14600709871060533, 1.4076051089367356, -0.1534474453512897])
(0, '1659', [0.8812099582335705, 0.8241616955152541, 3.0088038341763808, 3.576840009260722, 0.9606168904025065, 1.7124298672563634, 0.6136739408557313, 0.11160533386024642, 3.2362868196549446, 0.5337524871726095, 0.8705623136119989, 0.7789044029190674, 1.5862081636599032])
(0, '1660', [-0.1468720813469858, -0.25215268304073746, -0.2570665808902406, 1.5276195130512888, -0.1423136133929641, 1.7124298672563634, 0.33116193224090895, -0.10806230738849276, -0.33280325827468865, -0.9178786773927895, -0.14600709871060533, -0.26893010711037996, -0.1534474453512897])
(0, '1664', [-0.1468720813469858, 5.775207836872815, -0.2570665808902406, 1.5276195130512888, -0.1423136133929641, 1.7124298672563634, 5.698890095922534, -0.10806230738849276, -0.33280325827468865, 2.7111992340207083, -0.14600709871060533, 5.5989431490545245, -0.1534474453512897])
(0, '1665', [-0.1468720813469858, 0.39363594409285746, -0.2570665808902406, 1.5276195130512888, -0.1423136133929641, 1.7124298672563634, 1.4856245847286398, -0.10806230738849276, -0.33280325827468865, -0.19206309511009, -0.14600709871060533, 0.3597705989072884, -0.1534474453512897])
(0, '1669', [0.5683154244481837, 2.1157389497824437, 2.645929343613423, 3.576840009260722, -0.1423136133929641, 3.5659273340521227, 1.4681855718511816, -0.10806230738849276, 1.4517417806901278, 0.5337524871726095, 0.5611716229051193, 2.036305814954404, -0.1534474453512897])
(0, '1674', [-0.1468720813469858, 2.976790452627237, -0.2570665808902406, -0.5216009831581446, -0.1423136133929641, -0.1410675995393959, 0.3102351167879592, -0.10806230738849276, -0.33280325827468865, 3.4370148163034075, -0.14600709871060533, 3.0841403249838515, -0.1534474453512897])
(0, '1677', [-0.1468720813469858, 0.6088988198040558, -0.2570665808902406, 1.5276195130512888, -0.1423136133929641, 1.7124298672563634, 0.35906435284484206, -0.10806230738849276, -0.33280325827468865, -0.19206309511009, -0.14600709871060533, 0.5693375009131779, -0.1534474453512897])
(0, '1686', [-0.1468720813469858, -0.03688980732953918, -0.2570665808902406, 1.5276195130512888, -0.1423136133929641, 1.7124298672563634, -0.5303253039055247, -0.10806230738849276, -0.33280325827468865, -0.19206309511009, -0.14600709871060533, -0.05936320510449048, -0.1534474453512897])
(0, '1687', [-0.1468720813469858, 0.39363594409285746, -0.2570665808902406, 1.5276195130512888, -0.1423136133929641, -0.1410675995393959, 0.23001565755165157, -0.10806230738849276, -0.33280325827468865, 1.259568069455309, -0.14600709871060533, 0.3597705989072884, -0.1534474453512897])
(0, '1690', [-0.10217286223478769, 0.6088988198040558, -0.07562933560876163, -0.5216009831581446, -0.1423136133929641, -0.1410675995393959, 1.2798442327746333, -0.10806230738849276, 1.4517417806901278, 0.5337524871726095, -0.10180842860962254, 0.5693375009131779, -0.1534474453512897])
(0, '1704', [-0.0574736431225896, 0.6088988198040558, 0.10580790967271733, 1.5276195130512888, -0.1423136133929641, 1.7124298672563634, -0.21293526953578598, -0.10806230738849276, 1.4517417806901278, -0.19206309511009, -0.057609758508639745, 0.5693375009131779, -0.1534474453512897])
(0, '1705', [-0.1468720813469858, 1.2546874469376508, -0.2570665808902406, 1.5276195130512888, -0.1423136133929641, 1.7124298672563634, -0.17456944120537798, -0.10806230738849276, -0.33280325827468865, 1.259568069455309, -0.14600709871060533, 1.1980382069308462, -0.1534474453512897])
(0, '1708', [-0.1468720813469858, 0.6088988198040558, -0.2570665808902406, 1.5276195130512888, -0.1423136133929641, 1.7124298672563634, 0.18118642149476868, -0.10806230738849276, -0.33280325827468865, -0.19206309511009, -0.14600709871060533, 0.5693375009131779, -0.1534474453512897])
(0, '1715', [-0.1468720813469858, 1.2546874469376508, -0.2570665808902406, 1.5276195130512888, -0.1423136133929641, 1.7124298672563634, 0.8403811082626875, -0.10806230738849276, -0.33280325827468865, 0.5337524871726095, -0.14600709871060533, 1.4076051089367356, -0.1534474453512897])
(0, '1720', [0.7918115200091743, 0.17837306838165914, 2.464492098331944, 1.5276195130512888, 0.9606168904025065, -0.1410675995393959, 1.4228441383697903, 0.11160533386024642, 3.2362868196549446, -0.19206309511009, 0.7821649734100333, 0.15020369690139898, 1.5862081636599032])
(0, '1724', [-0.1468720813469858, 0.8241616955152541, -0.2570665808902406, -0.5216009831581446, -0.1423136133929641, -0.1410675995393959, 1.1577711426324262, -0.10806230738849276, -0.33280325827468865, 0.5337524871726095, -0.14600709871060533, 0.7789044029190674, -0.1534474453512897])
(0, '1731', [-0.1468720813469858, 0.6088988198040558, -0.2570665808902406, 1.5276195130512888, -0.1423136133929641, 1.7124298672563634, 2.8528431943213604, -0.10806230738849276, -0.33280325827468865, 0.5337524871726095, -0.14600709871060533, 0.7789044029190674, -0.1534474453512897])
(0, '1732', [-0.1468720813469858, 2.1157389497824437, -0.2570665808902406, -0.5216009831581446, -0.1423136133929641, -0.1410675995393959, -0.6349593811702737, -0.10806230738849276, -0.33280325827468865, 1.259568069455309, -0.14600709871060533, 2.036305814954404, -0.1534474453512897])
(0, '1737', [-0.1468720813469858, 0.8241616955152541, -0.2570665808902406, -0.5216009831581446, -0.1423136133929641, -0.1410675995393959, 1.4751611770021649, -0.10806230738849276, -0.33280325827468865, 0.5337524871726095, -0.14600709871060533, 0.7789044029190674, -0.1534474453512897])
(0, '1738', [-0.1468720813469858, 1.469950322648849, -0.2570665808902406, 1.5276195130512888, -0.1423136133929641, 1.7124298672563634, 0.8124786876587545, -0.10806230738849276, -0.33280325827468865, 0.5337524871726095, -0.14600709871060533, 1.4076051089367356, -0.1534474453512897])
(0, '1741', [-0.1468720813469858, 2.1157389497824437, -0.2570665808902406, 1.5276195130512888, -0.1423136133929641, 1.7124298672563634, 2.5180141470741635, -0.10806230738849276, -0.33280325827468865, 0.5337524871726095, -0.14600709871060533, 2.036305814954404, -0.1534474453512897])
(0, '1745', [-0.1468720813469858, 1.469950322648849, -0.2570665808902406, 1.5276195130512888, -0.1423136133929641, 1.7124298672563634, 0.5927471254027815, -0.10806230738849276, -0.33280325827468865, 0.5337524871726095, -0.14600709871060533, 1.617172010942625, -0.1534474453512897])
(0, '1750', [-0.1468720813469858, 0.6088988198040558, -0.2570665808902406, 1.5276195130512888, -0.1423136133929641, 1.7124298672563634, -0.035057338185712626, -0.10806230738849276, -0.33280325827468865, 0.5337524871726095, -0.14600709871060533, 0.5693375009131779, -0.1534474453512897])
(0, '1756', [-0.1468720813469858, -0.03688980732953918, -0.2570665808902406, 1.5276195130512888, -0.1423136133929641, 1.7124298672563634, 0.11143036998493601, -0.10806230738849276, -0.33280325827468865, -0.19206309511009, -0.14600709871060533, -0.05936320510449048, -0.1534474453512897])
(0, '1758', [-0.1468720813469858, 1.0394245712264523, -0.2570665808902406, -0.5216009831581446, -0.1423136133929641, -0.1410675995393959, -0.10132558712005367, -0.10806230738849276, -0.33280325827468865, 1.9853836517380086, -0.14600709871060533, 0.9884713049249568, -0.1534474453512897])
(0, '1764', [-0.1468720813469858, 0.8241616955152541, -0.2570665808902406, 1.5276195130512888, -0.1423136133929641, 1.7124298672563634, 1.1368443271794764, -0.10806230738849276, -0.33280325827468865, -0.19206309511009, -0.14600709871060533, 0.7789044029190674, -0.1534474453512897])
(0, '1766', [-0.1468720813469858, -0.25215268304073746, -0.2570665808902406, 1.5276195130512888, -0.1423136133929641, 1.7124298672563634, 0.10096696225846111, -0.10806230738849276, -0.33280325827468865, -0.9178786773927895, -0.14600709871060533, -0.26893010711037996, -0.1534474453512897])
(0, '1767', [-0.1468720813469858, 0.6088988198040558, -0.2570665808902406, 1.5276195130512888, -0.1423136133929641, 1.7124298672563634, 5.998841117414815, -0.10806230738849276, -0.33280325827468865, -0.19206309511009, -0.14600709871060533, 0.5693375009131779, -0.1534474453512897])
(0, '1770', [-0.1468720813469858, 2.1157389497824437, -0.2570665808902406, 1.5276195130512888, -0.1423136133929641, 1.7124298672563634, -0.18154504635636126, -0.10806230738849276, -0.33280325827468865, 0.5337524871726095, -0.14600709871060533, 2.2458727169602937, -0.1534474453512897])
(0, '1773', [-0.1468720813469858, 0.17837306838165914, -0.2570665808902406, 1.5276195130512888, -0.1423136133929641, -0.1410675995393959, -0.014130522732762819, -0.10806230738849276, -0.33280325827468865, 1.259568069455309, -0.14600709871060533, 0.15020369690139898, -0.1534474453512897])
(0, '1774', [-0.1468720813469858, 0.17837306838165914, -0.2570665808902406, 1.5276195130512888, -0.1423136133929641, 1.7124298672563634, 0.6938934000920389, -0.10806230738849276, -0.33280325827468865, -0.19206309511009, -0.14600709871060533, 0.15020369690139898, -0.1534474453512897])
(0, '1776', [-0.1468720813469858, 1.9004760740712454, -0.2570665808902406, -0.5216009831581446, -0.1423136133929641, -0.1410675995393959, -0.6942520249536315, -0.10806230738849276, -0.33280325827468865, 1.259568069455309, -0.14600709871060533, 1.8267389129485145, -0.1534474453512897])
(0, '1782', [-0.1468720813469858, 0.6088988198040558, -0.2570665808902406, 1.5276195130512888, -0.1423136133929641, -0.1410675995393959, 1.9529901298445187, -0.10806230738849276, -0.33280325827468865, 0.5337524871726095, -0.14600709871060533, 0.5693375009131779, -0.1534474453512897])
(0, '1789', [-0.1468720813469858, -0.03688980732953918, -0.2570665808902406, 1.5276195130512888, -0.1423136133929641, 1.7124298672563634, -0.6558861966232236, -0.10806230738849276, -0.33280325827468865, -0.19206309511009, -0.14600709871060533, -0.05936320510449048, -0.1534474453512897])
(0, '1793', [-0.1468720813469858, 1.2546874469376508, -0.2570665808902406, -0.5216009831581446, -0.1423136133929641, -0.1410675995393959, -0.5652033296604411, -0.10806230738849276, -0.33280325827468865, 1.259568069455309, -0.14600709871060533, 1.1980382069308462, -0.1534474453512897])
(0, '1799', [-0.1468720813469858, 1.2546874469376508, -0.2570665808902406, 1.5276195130512888, -0.1423136133929641, 1.7124298672563634, 0.2509424730046014, -0.10806230738849276, -0.33280325827468865, 0.5337524871726095, -0.14600709871060533, 1.4076051089367356, -0.1534474453512897])
(0, '1800', [-0.1468720813469858, -0.03688980732953918, -0.2570665808902406, 1.5276195130512888, -0.1423136133929641, 1.7124298672563634, -0.5233496987545414, -0.10806230738849276, -0.33280325827468865, -0.9178786773927895, -0.14600709871060533, -0.05936320510449048, -0.1534474453512897])
(0, '1805', [-0.1468720813469858, 1.469950322648849, -0.2570665808902406, -0.5216009831581446, -0.1423136133929641, -0.1410675995393959, -0.6558861966232236, -0.10806230738849276, -0.33280325827468865, 1.259568069455309, -0.14600709871060533, 1.4076051089367356, -0.1534474453512897])
(0, '1807', [-0.1468720813469858, 1.2546874469376508, -0.2570665808902406, 1.5276195130512888, -0.1423136133929641, 1.7124298672563634, -0.44661804209372546, -0.10806230738849276, -0.33280325827468865, 0.5337524871726095, -0.14600709871060533, 1.4076051089367356, -0.1534474453512897])
(0, '1811', [-0.012774424010391503, 0.39363594409285746, 0.2872451549541963, 1.5276195130512888, -0.1423136133929641, 1.7124298672563634, 1.244966207019717, -0.10806230738849276, 1.4517417806901278, 0.5337524871726095, -0.013411088407656951, 0.3597705989072884, -0.1534474453512897])
(0, '1816', [-0.1468720813469858, 0.39363594409285746, -0.2570665808902406, 1.5276195130512888, -0.1423136133929641, -0.1410675995393959, 0.3520887476938588, -0.10806230738849276, -0.33280325827468865, 0.5337524871726095, -0.14600709871060533, 0.3597705989072884, -0.1534474453512897])
(0, '1825', [-0.1468720813469858, 1.0394245712264523, -0.2570665808902406, -0.5216009831581446, -0.1423136133929641, -0.1410675995393959, -0.23037428241324415, -0.10806230738849276, -0.33280325827468865, 1.259568069455309, -0.14600709871060533, 0.9884713049249568, -0.1534474453512897])
(0, '1841', [-0.1468720813469858, 0.6088988198040558, -0.2570665808902406, 1.5276195130512888, -0.1423136133929641, 1.7124298672563634, -0.12574020514849513, -0.10806230738849276, -0.33280325827468865, 0.5337524871726095, -0.14600709871060533, 0.5693375009131779, -0.1534474453512897])
(0, '1842', [-0.1468720813469858, 0.6088988198040558, -0.2570665808902406, 1.5276195130512888, -0.1423136133929641, 1.7124298672563634, 3.7596718639491855, -0.10806230738849276, -0.33280325827468865, 0.5337524871726095, -0.14600709871060533, 0.7789044029190674, -0.1534474453512897])
(0, '1843', [0.0766240142140047, 0.8241616955152541, 0.6501196455171542, 1.5276195130512888, -0.1423136133929641, 1.7124298672563634, 1.2310149967177506, -0.10806230738849276, 1.4517417806901278, -0.19206309511009, 0.07498625179430864, 0.7789044029190674, -0.1534474453512897])
(0, '1846', [-0.0574736431225896, 1.6852131983600473, -0.07562933560876163, 1.5276195130512888, 0.9606168904025065, 1.7124298672563634, -0.42220342406528405, 0.3312729751089856, 3.2362868196549446, 0.5337524871726095, -0.057609758508639745, 1.617172010942625, 1.5862081636599032])
(0, '1847', [-0.1468720813469858, 1.0394245712264523, -0.2570665808902406, 1.5276195130512888, -0.1423136133929641, 1.7124298672563634, 2.8214529711419356, -0.10806230738849276, -0.33280325827468865, 0.5337524871726095, -0.14600709871060533, 0.9884713049249568, -0.1534474453512897])
(0, '1850', [-0.1468720813469858, 3.83784195547203, -0.2570665808902406, -0.5216009831581446, -0.1423136133929641, -0.1410675995393959, -0.42220342406528405, -0.10806230738849276, -0.33280325827468865, 1.259568069455309, -0.14600709871060533, 3.7128410310015196, -0.1534474453512897])
(0, '1854', [-0.1468720813469858, 2.976790452627237, -0.2570665808902406, 1.5276195130512888, -0.1423136133929641, 1.7124298672563634, 0.5753081125253233, -0.10806230738849276, -0.33280325827468865, 1.9853836517380086, -0.14600709871060533, 3.0841403249838515, -0.1534474453512897])
(0, '1856', [0.2554208906627971, 0.17837306838165914, 1.37586862664307, 1.5276195130512888, -0.1423136133929641, 1.7124298672563634, 0.8264298979607211, -0.10806230738849276, 1.4517417806901278, -0.19206309511009, 0.25178093219823977, 0.15020369690139898, -0.1534474453512897])
(0, '1861', [-0.1468720813469858, 1.0394245712264523, -0.2570665808902406, -0.5216009831581446, -0.1423136133929641, -0.1410675995393959, -0.7919104970673972, -0.10806230738849276, -0.33280325827468865, 1.9853836517380086, -0.14600709871060533, 1.1980382069308462, -0.1534474453512897])
(0, '1863', [-0.1468720813469858, 0.6088988198040558, -0.2570665808902406, 3.576840009260722, -0.1423136133929641, 1.7124298672563634, -0.0838865742425955, -0.10806230738849276, -0.33280325827468865, -0.19206309511009, -0.14600709871060533, 0.7789044029190674, -0.1534474453512897])
(0, '1866', [-0.1468720813469858, 2.331001825493642, -0.2570665808902406, -0.5216009831581446, -0.1423136133929641, -0.1410675995393959, -0.34547176740446806, -0.10806230738849276, -0.33280325827468865, 2.7111992340207083, -0.14600709871060533, 2.2458727169602937, -0.1534474453512897])
(0, '1869', [-0.1468720813469858, 0.39363594409285746, -0.2570665808902406, 1.5276195130512888, -0.1423136133929641, -0.1410675995393959, -0.38732539831036766, -0.10806230738849276, -0.33280325827468865, 1.259568069455309, -0.14600709871060533, 0.5693375009131779, -0.1534474453512897])
(0, '1873', [-0.1468720813469858, 0.8241616955152541, -0.2570665808902406, -0.5216009831581446, -0.1423136133929641, -0.1410675995393959, 0.7252836232714637, -0.10806230738849276, -0.33280325827468865, 1.259568069455309, -0.14600709871060533, 0.7789044029190674, -0.1534474453512897])
(0, '1875', [-0.1468720813469858, 3.4073162040496334, -0.2570665808902406, -0.5216009831581446, -0.1423136133929641, -0.1410675995393959, 0.4462594172321329, -0.10806230738849276, -0.33280325827468865, 2.7111992340207083, -0.14600709871060533, 3.2937072269897407, -0.1534474453512897])
(0, '1876', [-0.1468720813469858, 1.6852131983600473, -0.2570665808902406, -0.5216009831581446, -0.1423136133929641, -0.1410675995393959, -0.5965935528398657, -0.10806230738849276, -0.33280325827468865, 1.259568069455309, -0.14600709871060533, 1.617172010942625, -0.1534474453512897])
(0, '1877', [-0.1468720813469858, 0.8241616955152541, -0.2570665808902406, 1.5276195130512888, -0.1423136133929641, 1.7124298672563634, 2.2982825848181907, -0.10806230738849276, -0.33280325827468865, -0.19206309511009, -0.14600709871060533, 0.7789044029190674, -0.1534474453512897])
(0, '1882', [-0.1468720813469858, 0.17837306838165914, -0.2570665808902406, 1.5276195130512888, -0.1423136133929641, 1.7124298672563634, 0.798527477356788, -0.10806230738849276, -0.33280325827468865, -0.19206309511009, -0.14600709871060533, 0.15020369690139898, -0.1534474453512897])
(0, '1887', [-0.1468720813469858, 0.8241616955152541, -0.2570665808902406, -0.5216009831581446, -0.1423136133929641, -0.1410675995393959, 0.39743018117525003, -0.10806230738849276, -0.33280325827468865, 1.9853836517380086, -0.14600709871060533, 0.7789044029190674, -0.1534474453512897])
(0, '1891', [-0.1468720813469858, 2.5462647012048403, -0.2570665808902406, 1.5276195130512888, -0.1423136133929641, 1.7124298672563634, 0.7078446103940055, -0.10806230738849276, -0.33280325827468865, 1.259568069455309, -0.14600709871060533, 2.6650065209720726, -0.1534474453512897])
(0, '1893', [-0.1468720813469858, 1.469950322648849, -0.2570665808902406, 1.5276195130512888, -0.1423136133929641, 1.7124298672563634, 0.1707230137682938, -0.10806230738849276, -0.33280325827468865, 1.259568069455309, -0.14600709871060533, 1.4076051089367356, -0.1534474453512897])
(0, '1895', [-0.1468720813469858, 0.6088988198040558, -0.2570665808902406, 1.5276195130512888, -0.1423136133929641, 1.7124298672563634, 1.5100392027570813, -0.10806230738849276, -0.33280325827468865, 0.5337524871726095, -0.14600709871060533, 0.5693375009131779, -0.1534474453512897])
(0, '1896', [-0.1468720813469858, 1.9004760740712454, -0.2570665808902406, 1.5276195130512888, -0.1423136133929641, 1.7124298672563634, 1.2310149967177506, -0.10806230738849276, -0.33280325827468865, 1.259568069455309, -0.14600709871060533, 1.8267389129485145, -0.1534474453512897])
(0, '1898', [-0.1468720813469858, 4.483630582605625, -0.2570665808902406, -0.5216009831581446, -0.1423136133929641, -0.1410675995393959, -0.3350083596779932, -0.10806230738849276, -0.33280325827468865, 2.7111992340207083, -0.14600709871060533, 4.5511086390250775, -0.1534474453512897])
(0, '1900', [-0.1468720813469858, -0.25215268304073746, -0.2570665808902406, 1.5276195130512888, -0.1423136133929641, 1.7124298672563634, -0.0036671150062879162, -0.10806230738849276, -0.33280325827468865, -0.19206309511009, -0.14600709871060533, -0.26893010711037996, -0.1534474453512897])
(0, '1909', [-0.1468720813469858, 3.192053328338435, -0.2570665808902406, 1.5276195130512888, -0.1423136133929641, 1.7124298672563634, 2.591258001159488, -0.10806230738849276, -0.33280325827468865, 1.9853836517380086, -0.14600709871060533, 3.2937072269897407, -0.1534474453512897])
(0, '1911', [-0.1468720813469858, 0.17837306838165914, -0.2570665808902406, 1.5276195130512888, -0.1423136133929641, -0.1410675995393959, 0.6590153743371225, -0.10806230738849276, -0.33280325827468865, 0.5337524871726095, -0.14600709871060533, 0.15020369690139898, -0.1534474453512897])
(0, '1914', [-0.1468720813469858, 1.0394245712264523, -0.2570665808902406, -0.5216009831581446, -0.1423136133929641, -0.1410675995393959, 0.10096696225846111, -0.10806230738849276, -0.33280325827468865, 1.259568069455309, -0.14600709871060533, 0.9884713049249568, -0.1534474453512897])
(0, '1920', [-0.1468720813469858, 0.8241616955152541, -0.2570665808902406, -0.5216009831581446, -0.1423136133929641, -0.1410675995393959, -0.0524963510631708, -0.10806230738849276, -0.33280325827468865, 1.259568069455309, -0.14600709871060533, 0.7789044029190674, -0.1534474453512897])
(0, '1925', [-0.1468720813469858, 0.39363594409285746, -0.2570665808902406, -0.5216009831581446, -0.1423136133929641, -0.1410675995393959, 2.6819408681222705, -0.10806230738849276, -0.33280325827468865, 1.259568069455309, -0.14600709871060533, 0.3597705989072884, -0.1534474453512897])
(0, '1928', [0.0319247951018066, 1.2546874469376508, 0.46868240023567526, 3.576840009260722, -0.1423136133929641, 1.7124298672563634, -0.4919594755751167, -0.10806230738849276, 1.4517417806901278, 1.259568069455309, 0.03078758169332584, 1.4076051089367356, -0.1534474453512897])
(0, '1931', [-0.1468720813469858, 1.6852131983600473, -0.2570665808902406, -0.5216009831581446, -0.1423136133929641, -0.1410675995393959, 0.11840597513591929, -0.10806230738849276, -0.33280325827468865, 1.259568069455309, -0.14600709871060533, 1.8267389129485145, -0.1534474453512897])
(0, '1932', [-0.1468720813469858, 0.6088988198040558, -0.2570665808902406, -0.5216009831581446, -0.1423136133929641, -0.1410675995393959, 0.8438689108381792, -0.10806230738849276, -0.33280325827468865, 1.9853836517380086, -0.14600709871060533, 0.5693375009131779, -0.1534474453512897])
(0, '1933', [-0.1468720813469858, 0.17837306838165914, -0.2570665808902406, 1.5276195130512888, -0.1423136133929641, 1.7124298672563634, -0.27920351847012703, -0.10806230738849276, -0.33280325827468865, -0.19206309511009, -0.14600709871060533, 0.15020369690139898, -0.1534474453512897])
(0, '1938', [-0.1468720813469858, -0.25215268304073746, -0.2570665808902406, 1.5276195130512888, -0.1423136133929641, 1.7124298672563634, -0.526837501330033, -0.10806230738849276, -0.33280325827468865, 0.5337524871726095, -0.14600709871060533, -0.05936320510449048, -0.1534474453512897])
(0, '1951', [-0.1468720813469858, 1.2546874469376508, -0.2570665808902406, 1.5276195130512888, -0.1423136133929641, 1.7124298672563634, 1.63560009547478, -0.10806230738849276, -0.33280325827468865, 0.5337524871726095, -0.14600709871060533, 1.1980382069308462, -0.1534474453512897])
(0, '1953', [-0.1468720813469858, 0.17837306838165914, -0.2570665808902406, 1.5276195130512888, -0.1423136133929641, 1.7124298672563634, 2.082038825137709, -0.10806230738849276, -0.33280325827468865, -0.19206309511009, -0.14600709871060533, 0.15020369690139898, -0.1534474453512897])
(0, '1956', [-0.1468720813469858, 1.469950322648849, -0.2570665808902406, 1.5276195130512888, -0.1423136133929641, 1.7124298672563634, 2.1831850998269666, -0.10806230738849276, -0.33280325827468865, 1.259568069455309, -0.14600709871060533, 1.4076051089367356, -0.1534474453512897])
(0, '1989', [-0.1468720813469858, 0.17837306838165914, -0.2570665808902406, 1.5276195130512888, -0.1423136133929641, 1.7124298672563634, 1.6042098722953553, -0.10806230738849276, -0.33280325827468865, -0.19206309511009, -0.14600709871060533, 0.3597705989072884, -0.1534474453512897])
(0, '1990', [0.4342177671115895, 2.5462647012048403, 2.1016176077689863, 1.5276195130512888, -0.1423136133929641, 1.7124298672563634, 1.3356490739824995, -0.10806230738849276, 1.4517417806901278, 0.5337524871726095, 0.4285756126021709, 2.6650065209720726, -0.1534474453512897])
(0, '1991', [-0.1468720813469858, 1.6852131983600473, -0.2570665808902406, 1.5276195130512888, -0.1423136133929641, 1.7124298672563634, -0.17456944120537798, -0.10806230738849276, -0.33280325827468865, 1.9853836517380086, -0.14600709871060533, 1.617172010942625, -0.1534474453512897])
(0, '1993', [-0.1468720813469858, 0.39363594409285746, -0.2570665808902406, 1.5276195130512888, -0.1423136133929641, -0.1410675995393959, 0.7287714258469553, -0.10806230738849276, -0.33280325827468865, 0.5337524871726095, -0.14600709871060533, 0.3597705989072884, -0.1534474453512897])
(0, '1997', [-0.1468720813469858, 2.7615275769160386, -0.2570665808902406, -0.5216009831581446, -0.1423136133929641, -0.1410675995393959, -0.6384471837457654, -0.10806230738849276, -0.33280325827468865, 1.9853836517380086, -0.14600709871060533, 2.6650065209720726, -0.1534474453512897])
(0, '2007', [0.5236162053359856, 0.17837306838165914, 2.464492098331944, 1.5276195130512888, -0.1423136133929641, 1.7124298672563634, 5.660524267592127, -0.10806230738849276, 1.4517417806901278, -0.19206309511009, 0.5169729528041366, 0.15020369690139898, -0.1534474453512897])
(0, '2008', [-0.1468720813469858, 0.8241616955152541, -0.2570665808902406, -0.5216009831581446, -0.1423136133929641, -0.1410675995393959, -0.5896179476888824, -0.10806230738849276, -0.33280325827468865, 1.9853836517380086, -0.14600709871060533, 0.7789044029190674, -0.1534474453512897])
(0, '2009', [0.5683154244481837, 0.6088988198040558, 2.645929343613423, 1.5276195130512888, -0.1423136133929641, 1.7124298672563634, 1.8762584731837029, -0.10806230738849276, 1.4517417806901278, 0.5337524871726095, 0.5611716229051193, 0.5693375009131779, -0.1534474453512897])
