(0, '6', [-0.1468720813469858, 2.1157389497824437, -0.2570665808902406, 1.5276195130512888, -0.1423136133929641, 1.7124298672563634, 0.16374740861731052, -0.10806230738849276, -0.33280325827468865, 0.5337524871726095, -0.14600709871060533, 2.455439618966183, -0.1534474453512897])
(0, '7', [-0.1468720813469858, 0.6088988198040558, -0.2570665808902406, 1.5276195130512888, -0.1423136133929641, 1.7124298672563634, 3.606208550627554, -0.10806230738849276, -0.33280325827468865, -0.19206309511009, -0.14600709871060533, 0.7789044029190674, -0.1534474453512897])
(0, '10', [0.3448193288871933, 0.39363594409285746, 1.7387431172060281, 1.5276195130512888, -0.1423136133929641, 1.7124298672563634, 0.08701575195649458, -0.10806230738849276, 1.4517417806901278, -0.19206309511009, 0.3401782724002054, 0.3597705989072884, -0.1534474453512897])
(0, '14', [-0.1468720813469858, 0.17837306838165914, -0.2570665808902406, 1.5276195130512888, -0.1423136133929641, -0.1410675995393959, 1.2414784044442253, -0.10806230738849276, -0.33280325827468865, 0.5337524871726095, -0.14600709871060533, 0.15020369690139898, -0.1534474453512897])
(0, '15', [-0.1468720813469858, -0.03688980732953918, -0.2570665808902406, 1.5276195130512888, -0.1423136133929641, 1.7124298672563634, 1.0705760782451352, -0.10806230738849276, -0.33280325827468865, -0.9178786773927895, -0.14600709871060533, -0.05936320510449048, -0.1534474453512897])
(0, '20', [-0.1468720813469858, 0.8241616955152541, -0.2570665808902406, 1.5276195130512888, -0.1423136133929641, 1.7124298672563634, 2.2738679667897492, -0.10806230738849276, -0.33280325827468865, -0.19206309511009, -0.14600709871060533, 0.7789044029190674, -0.1534474453512897])
(0, '29', [-0.1468720813469858, 1.6852131983600473, -0.2570665808902406, -0.5216009831581446, -0.1423136133929641, -0.1410675995393959, -0.7709836816144474, -0.10806230738849276, -0.33280325827468865, 1.259568069455309, -0.14600709871060533, 2.036305814954404, -0.1534474453512897])
(0, '33', [0.3448193288871933, 0.6088988198040558, 1.7387431172060281, 1.5276195130512888, -0.1423136133929641, 1.7124298672563634, 0.8299177005362127, -0.10806230738849276, 1.4517417806901278, 1.259568069455309, 0.3401782724002054, 0.7789044029190674, -0.1534474453512897])
(0, '39', [2.8479755991702866, 1.0394245712264523, -0.07562933560876163, 3.576840009260722, 0.9606168904025065, 3.5659273340521227, 1.607697674870847, 3.186952311342595, 6.805376897584577, 1.259568069455309, 2.815303798055242, 1.4076051089367356, 1.5862081636599032])
(0, '41', [-0.1468720813469858, 1.0394245712264523, -0.2570665808902406, -0.5216009831581446, -0.1423136133929641, -0.1410675995393959, 0.5892593228272899, -0.10806230738849276, -0.33280325827468865, 0.5337524871726095, -0.14600709871060533, 0.9884713049249568, -0.1534474453512897])
(0, '42', [-0.1468720813469858, 0.8241616955152541, -0.2570665808902406, 1.5276195130512888, -0.1423136133929641, -0.1410675995393959, -0.47800826527315016, -0.10806230738849276, -0.33280325827468865, 0.5337524871726095, -0.14600709871060533, 0.7789044029190674, -0.1534474453512897])
(0, '44', [-0.1468720813469858, -0.03688980732953918, -0.2570665808902406, 1.5276195130512888, -0.1423136133929641, 1.7124298672563634, -0.3245449519515183, -0.10806230738849276, -0.33280325827468865, -0.19206309511009, -0.14600709871060533, -0.05936320510449048, -0.1534474453512897])
(0, '50', [-0.0574736431225896, 3.6225790797608317, 0.10580790967271733, 5.626060505470156, -0.1423136133929641, 5.419424800847882, 0.42184479920369145, -0.10806230738849276, 1.4517417806901278, 1.259568069455309, -0.057609758508639745, 4.5511086390250775, -0.1534474453512897])
(0, '53', [-0.1468720813469858, 0.39363594409285746, -0.2570665808902406, 1.5276195130512888, -0.1423136133929641, 1.7124298672563634, -0.2652523081681605, -0.10806230738849276, -0.33280325827468865, -0.19206309511009, -0.14600709871060533, 0.3597705989072884, -0.1534474453512897])
(0, '57', [-0.1468720813469858, -0.03688980732953918, -0.2570665808902406, 1.5276195130512888, -0.1423136133929641, 1.7124298672563634, 0.5962349279782732, -0.10806230738849276, -0.33280325827468865, -0.19206309511009, -0.14600709871060533, 0.15020369690139898, -0.1534474453512897])
(0, '59', [0.16602245243840089, 1.469950322648849, 1.0129941360801122, 1.5276195130512888, -0.1423136133929641, 1.7124298672563634, -0.4884716729996251, -0.10806230738849276, 1.4517417806901278, 1.259568069455309, 0.16338359199627422, 1.4076051089367356, -0.1534474453512897])
(0, '68', [-0.1468720813469858, -0.25215268304073746, -0.2570665808902406, 1.5276195130512888, -0.1423136133929641, 1.7124298672563634, -0.2513010978661939, -0.10806230738849276, -0.33280325827468865, -0.19206309511009, -0.14600709871060533, -0.26893010711037996, -0.1534474453512897])
(0, '72', [1.1941044920189572, -0.03688980732953918, 3.7345528153022967, 1.5276195130512888, 0.9606168904025065, 1.7124298672563634, 1.035698052490219, 0.3312729751089856, 3.2362868196549446, -0.19206309511009, 1.1799530043188784, -0.05936320510449048, 1.5862081636599032])
(0, '75', [-0.1468720813469858, 1.2546874469376508, -0.2570665808902406, -0.5216009831581446, -0.1423136133929641, -0.1410675995393959, 0.20560103952321013, -0.10806230738849276, -0.33280325827468865, 4.162830398586107, -0.14600709871060533, 1.4076051089367356, -0.1534474453512897])
(0, '76', [-0.1468720813469858, 2.5462647012048403, -0.2570665808902406, -0.5216009831581446, -0.1423136133929641, -0.1410675995393959, -0.5059106858770832, -0.10806230738849276, -0.33280325827468865, 1.259568069455309, -0.14600709871060533, 2.6650065209720726, -0.1534474453512897])
(0, '80', [-0.1468720813469858, 1.2546874469376508, -0.2570665808902406, -0.5216009831581446, -0.1423136133929641, -0.1410675995393959, -0.6663496043496984, -0.10806230738849276, -0.33280325827468865, 2.7111992340207083, -0.14600709871060533, 1.1980382069308462, -0.1534474453512897])
(0, '91', [-0.012774424010391503, -0.25215268304073746, 0.2872451549541963, 1.5276195130512888, -0.1423136133929641, 1.7124298672563634, -0.021106127883746086, -0.10806230738849276, 1.4517417806901278, -0.19206309511009, -0.013411088407656951, -0.26893010711037996, -0.1534474453512897])
(0, '92', [-0.1468720813469858, 0.39363594409285746, -0.2570665808902406, 1.5276195130512888, -0.1423136133929641, 1.7124298672563634, 4.19564718588564, -0.10806230738849276, -0.33280325827468865, 0.5337524871726095, -0.14600709871060533, 0.5693375009131779, -0.1534474453512897])
(0, '98', [-0.1468720813469858, 0.6088988198040558, -0.2570665808902406, 1.5276195130512888, -0.1423136133929641, 1.7124298672563634, 0.9450151855274365, -0.10806230738849276, -0.33280325827468865, -0.19206309511009, -0.14600709871060533, 0.5693375009131779, -0.1534474453512897])
(0, '103', [1.0153076155701648, 0.39363594409285746, 2.2830548530504653, 1.5276195130512888, 2.063547394197977, -0.1410675995393959, 0.4567228249586078, 0.3312729751089856, 3.2362868196549446, 0.5337524871726095, 1.0031583239149473, 0.3597705989072884, 3.3258637726710965])
(0, '112', [-0.1468720813469858, -0.03688980732953918, -0.2570665808902406, 1.5276195130512888, -0.1423136133929641, 1.7124298672563634, -0.37337418800840116, -0.10806230738849276, -0.33280325827468865, -0.9178786773927895, -0.14600709871060533, -0.05936320510449048, -0.1534474453512897])
(0, '114', [-0.1468720813469858, 1.469950322648849, -0.2570665808902406, 1.5276195130512888, -0.1423136133929641, -0.1410675995393959, 2.483136121319247, -0.10806230738849276, -0.33280325827468865, 1.259568069455309, -0.14600709871060533, 1.4076051089367356, -0.1534474453512897])
(0, '117', [-0.1468720813469858, 0.39363594409285746, -0.2570665808902406, 1.5276195130512888, -0.1423136133929641, -0.1410675995393959, 0.10096696225846111, -0.10806230738849276, -0.33280325827468865, 1.259568069455309, -0.14600709871060533, 0.7789044029190674, -0.1534474453512897])
(0, '118', [-0.1468720813469858, 0.6088988198040558, -0.2570665808902406, 1.5276195130512888, -0.1423136133929641, 1.7124298672563634, 1.551892833662981, -0.10806230738849276, -0.33280325827468865, -0.19206309511009, -0.14600709871060533, 0.5693375009131779, -0.1534474453512897])
(0, '133', [-0.10217286223478769, 2.5462647012048403, -0.07562933560876163, 5.626060505470156, -0.1423136133929641, 3.5659273340521227, 5.8035241731872835, -0.10806230738849276, 1.4517417806901278, 1.9853836517380086, -0.10180842860962254, 2.874573422977962, -0.1534474453512897])
(0, '135', [-0.1468720813469858, 0.17837306838165914, -0.2570665808902406, 1.5276195130512888, -0.1423136133929641, 1.7124298672563634, -0.641934986321257, -0.10806230738849276, -0.33280325827468865, -0.9178786773927895, -0.14600709871060533, 0.15020369690139898, -0.1534474453512897])
(0, '136', [-0.1468720813469858, 1.0394245712264523, -0.2570665808902406, 1.5276195130512888, -0.1423136133929641, 1.7124298672563634, -0.3001303339230768, -0.10806230738849276, -0.33280325827468865, 1.259568069455309, -0.14600709871060533, 1.1980382069308462, -0.1534474453512897])
(0, '138', [-0.1468720813469858, 0.8241616955152541, -0.2570665808902406, -0.5216009831581446, -0.1423136133929641, -0.1410675995393959, -0.7605202738879725, -0.10806230738849276, -0.33280325827468865, 1.9853836517380086, -0.14600709871060533, 0.7789044029190674, -0.1534474453512897])
(0, '142', [-0.1468720813469858, 4.698893458316824, -0.2570665808902406, 1.5276195130512888, -0.1423136133929641, 1.7124298672563634, 0.28233269618402607, -0.10806230738849276, -0.33280325827468865, 1.9853836517380086, -0.14600709871060533, 4.5511086390250775, -0.1534474453512897])
(0, '146', [-0.1468720813469858, 0.39363594409285746, -0.2570665808902406, 1.5276195130512888, -0.1423136133929641, 1.7124298672563634, -0.4570814498202004, -0.10806230738849276, -0.33280325827468865, -0.19206309511009, -0.14600709871060533, 0.3597705989072884, -0.1534474453512897])
(0, '147', [-0.1468720813469858, 1.6852131983600473, -0.2570665808902406, 1.5276195130512888, -0.1423136133929641, 1.7124298672563634, 1.2414784044442253, -0.10806230738849276, -0.33280325827468865, 0.5337524871726095, -0.14600709871060533, 1.617172010942625, -0.1534474453512897])
(0, '151', [-0.1468720813469858, -0.03688980732953918, -0.2570665808902406, 1.5276195130512888, -0.1423136133929641, 1.7124298672563634, -0.11527679742202021, -0.10806230738849276, -0.33280325827468865, -0.19206309511009, -0.14600709871060533, -0.05936320510449048, -0.1534474453512897])
(0, '152', [-0.012774424010391503, 0.8241616955152541, 0.2872451549541963, 1.5276195130512888, -0.1423136133929641, 1.7124298672563634, 0.2788448936085345, -0.10806230738849276, 1.4517417806901278, 0.5337524871726095, -0.013411088407656951, 0.7789044029190674, -0.1534474453512897])
(0, '160', [-0.1468720813469858, 0.6088988198040558, -0.2570665808902406, 1.5276195130512888, -0.1423136133929641, 1.7124298672563634, 0.5125276661664739, -0.10806230738849276, -0.33280325827468865, 0.5337524871726095, -0.14600709871060533, 0.5693375009131779, -0.1534474453512897])
(0, '173', [-0.1468720813469858, 4.053104831183228, -0.2570665808902406, -0.5216009831581446, -0.1423136133929641, -0.1410675995393959, 0.435796009505658, -0.10806230738849276, -0.33280325827468865, 2.7111992340207083, -0.14600709871060533, 3.9224079330074093, -0.1534474453512897])
(0, '180', [-0.1468720813469858, 1.469950322648849, -0.2570665808902406, 1.5276195130512888, -0.1423136133929641, 1.7124298672563634, -0.18852065150734454, -0.10806230738849276, -0.33280325827468865, 0.5337524871726095, -0.14600709871060533, 1.4076051089367356, -0.1534474453512897])
(0, '183', [-0.1468720813469858, 0.17837306838165914, -0.2570665808902406, 1.5276195130512888, -0.1423136133929641, 1.7124298672563634, -0.39430100346135094, -0.10806230738849276, -0.33280325827468865, 0.5337524871726095, -0.14600709871060533, 0.15020369690139898, -0.1534474453512897])
(0, '193', [-0.1468720813469858, 1.469950322648849, -0.2570665808902406, -0.5216009831581446, -0.1423136133929641, -0.1410675995393959, -0.09086217939357877, -0.10806230738849276, -0.33280325827468865, 1.259568069455309, -0.14600709871060533, 1.4076051089367356, -0.1534474453512897])
(0, '195', [-0.1468720813469858, 2.1157389497824437, -0.2570665808902406, -0.5216009831581446, -0.1423136133929641, -0.1410675995393959, -0.7291300507085479, -0.10806230738849276, -0.33280325827468865, 1.259568069455309, -0.14600709871060533, 2.036305814954404, -0.1534474453512897])
(0, '198', [-0.1468720813469858, 0.6088988198040558, -0.2570665808902406, -0.5216009831581446, -0.1423136133929641, -0.1410675995393959, 1.3670392971619243, -0.10806230738849276, -0.33280325827468865, 1.259568069455309, -0.14600709871060533, 0.5693375009131779, -0.1534474453512897])
(0, '201', [-0.1468720813469858, 1.0394245712264523, -0.2570665808902406, -0.5216009831581446, -0.1423136133929641, -0.1410675995393959, -0.460569252395692, -0.10806230738849276, -0.33280325827468865, 1.259568069455309, -0.14600709871060533, 1.1980382069308462, -0.1534474453512897])
(0, '205', [-0.1468720813469858, 0.17837306838165914, -0.2570665808902406, 1.5276195130512888, -0.1423136133929641, 1.7124298672563634, 0.9485029881029281, -0.10806230738849276, -0.33280325827468865, 0.5337524871726095, -0.14600709871060533, 0.15020369690139898, -0.1534474453512897])
(0, '206', [-0.1468720813469858, 0.8241616955152541, -0.2570665808902406, 1.5276195130512888, -0.1423136133929641, 1.7124298672563634, 0.7950396747812963, -0.10806230738849276, -0.33280325827468865, -0.19206309511009, -0.14600709871060533, 0.7789044029190674, -0.1534474453512897])
(0, '208', [-0.1468720813469858, 3.4073162040496334, -0.2570665808902406, -0.5216009831581446, -0.1423136133929641, -0.1410675995393959, -0.2478132952907023, -0.10806230738849276, -0.33280325827468865, 3.4370148163034075, -0.14600709871060533, 3.5032741289956304, -0.1534474453512897])
(0, '218', [0.4789169862237876, 0.17837306838165914, 2.2830548530504653, 1.5276195130512888, -0.1423136133929641, 1.7124298672563634, 3.644574378957962, -0.10806230738849276, 1.4517417806901278, -0.19206309511009, 0.47277428270315375, 0.15020369690139898, -0.1534474453512897])
(0, '224', [-0.1468720813469858, 0.39363594409285746, -0.2570665808902406, 1.5276195130512888, -0.1423136133929641, 1.7124298672563634, 1.6530391083522382, -0.10806230738849276, -0.33280325827468865, -0.19206309511009, -0.14600709871060533, 0.3597705989072884, -0.1534474453512897])
(0, '232', [-0.012774424010391503, 1.0394245712264523, 0.2872451549541963, 1.5276195130512888, -0.1423136133929641, 1.7124298672563634, 4.244476421942523, -0.10806230738849276, 1.4517417806901278, 0.5337524871726095, -0.013411088407656951, 1.1980382069308462, -0.1534474453512897])
(0, '245', [0.4342177671115895, 0.39363594409285746, 2.1016176077689863, 3.576840009260722, -0.1423136133929641, 1.7124298672563634, 0.34162533996738387, -0.10806230738849276, 1.4517417806901278, 0.5337524871726095, 0.4285756126021709, 0.5693375009131779, -0.1534474453512897])
(0, '247', [-0.0574736431225896, 2.5462647012048403, 0.10580790967271733, 3.576840009260722, -0.1423136133929641, 3.5659273340521227, 1.7018683444091212, -0.10806230738849276, 1.4517417806901278, 0.5337524871726095, -0.057609758508639745, 3.0841403249838515, -0.1534474453512897])
(0, '258', [-0.1468720813469858, 1.6852131983600473, -0.2570665808902406, 1.5276195130512888, -0.1423136133929641, 1.7124298672563634, 0.254430275580093, -0.10806230738849276, -0.33280325827468865, 1.259568069455309, -0.14600709871060533, 1.8267389129485145, -0.1534474453512897])
(0, '259', [0.21072167155059898, 0.39363594409285746, 1.1944313813615912, 1.5276195130512888, -0.1423136133929641, 1.7124298672563634, 4.9978417782487154, -0.10806230738849276, 1.4517417806901278, 0.5337524871726095, 0.207582262097257, 0.3597705989072884, -0.1534474453512897])
(0, '260', [0.3448193288871933, -0.03688980732953918, 1.7387431172060281, 1.5276195130512888, -0.1423136133929641, 1.7124298672563634, 3.142330808087166, -0.10806230738849276, 1.4517417806901278, -0.19206309511009, 0.3401782724002054, -0.05936320510449048, -0.1534474453512897])
(0, '261', [-0.012774424010391503, 0.6088988198040558, 0.2872451549541963, 1.5276195130512888, -0.1423136133929641, 1.7124298672563634, 1.1961369709628342, -0.10806230738849276, 1.4517417806901278, -0.19206309511009, -0.013411088407656951, 0.5693375009131779, -0.1534474453512897])
(0, '263', [-0.1468720813469858, 1.469950322648849, -0.2570665808902406, 1.5276195130512888, -0.1423136133929641, 1.7124298672563634, -0.16759383605439473, -0.10806230738849276, -0.33280325827468865, 0.5337524871726095, -0.14600709871060533, 1.4076051089367356, -0.1534474453512897])
(0, '265', [0.2554208906627971, 0.8241616955152541, 1.37586862664307, 1.5276195130512888, -0.1423136133929641, -0.1410675995393959, 0.6764543872145807, -0.10806230738849276, 1.4517417806901278, 0.5337524871726095, 0.25178093219823977, 0.7789044029190674, -0.1534474453512897])
(0, '266', [-0.1468720813469858, 1.6852131983600473, -0.2570665808902406, 1.5276195130512888, -0.1423136133929641, 1.7124298672563634, -0.13271581029947838, -0.10806230738849276, -0.33280325827468865, 1.9853836517380086, -0.14600709871060533, 1.617172010942625, -0.1534474453512897])
(0, '267', [-0.1468720813469858, 1.0394245712264523, -0.2570665808902406, 1.5276195130512888, -0.1423136133929641, 1.7124298672563634, 0.5927471254027815, -0.10806230738849276, -0.33280325827468865, 0.5337524871726095, -0.14600709871060533, 0.9884713049249568, -0.1534474453512897])
(0, '272', [-0.1468720813469858, 1.469950322648849, -0.2570665808902406, -0.5216009831581446, -0.1423136133929641, -0.1410675995393959, -0.22339867726226087, -0.10806230738849276, -0.33280325827468865, 1.259568069455309, -0.14600709871060533, 1.4076051089367356, -0.1534474453512897])
(0, '273', [-0.1468720813469858, 1.0394245712264523, -0.2570665808902406, 1.5276195130512888, -0.1423136133929641, 1.7124298672563634, -0.0734231665161206, -0.10806230738849276, -0.33280325827468865, 0.5337524871726095, -0.14600709871060533, 1.1980382069308462, -0.1534474453512897])
(0, '275', [-0.1468720813469858, 0.8241616955152541, -0.2570665808902406, -0.5216009831581446, -0.1423136133929641, -0.1410675995393959, -0.4396424369427422, -0.10806230738849276, -0.33280325827468865, 1.259568069455309, -0.14600709871060533, 0.9884713049249568, -0.1534474453512897])
(0, '277', [-0.1468720813469858, 1.0394245712264523, -0.2570665808902406, 1.5276195130512888, -0.1423136133929641, 1.7124298672563634, 1.551892833662981, -0.10806230738849276, -0.33280325827468865, 0.5337524871726095, -0.14600709871060533, 0.9884713049249568, -0.1534474453512897])
(0, '287', [-0.1468720813469858, -0.03688980732953918, -0.2570665808902406, 1.5276195130512888, -0.1423136133929641, 1.7124298672563634, 2.033209589080826, -0.10806230738849276, -0.33280325827468865, -0.19206309511009, -0.14600709871060533, -0.05936320510449048, -0.1534474453512897])
(0, '292', [-0.1468720813469858, 0.8241616955152541, -0.2570665808902406, 1.5276195130512888, -0.1423136133929641, 1.7124298672563634, 0.8613079237156374, -0.10806230738849276, -0.33280325827468865, 0.5337524871726095, -0.14600709871060533, 0.7789044029190674, -0.1534474453512897])
(0, '294', [-0.1468720813469858, 2.331001825493642, -0.2570665808902406, 3.576840009260722, -0.1423136133929641, 3.5659273340521227, -0.20944746696029434, -0.10806230738849276, -0.33280325827468865, 1.259568069455309, -0.14600709871060533, 2.2458727169602937, -0.1534474453512897])
(0, '300', [-0.10217286223478769, 0.39363594409285746, -0.07562933560876163, 1.5276195130512888, -0.1423136133929641, 1.7124298672563634, 0.5997227305537648, -0.10806230738849276, 1.4517417806901278, -0.19206309511009, -0.10180842860962254, 0.3597705989072884, -0.1534474453512897])
(0, '302', [-0.1468720813469858, 1.2546874469376508, -0.2570665808902406, 1.5276195130512888, -0.1423136133929641, 1.7124298672563634, 2.716818893877187, -0.10806230738849276, -0.33280325827468865, -0.19206309511009, -0.14600709871060533, 1.4076051089367356, -0.1534474453512897])
(0, '307', [-0.1468720813469858, 0.17837306838165914, -0.2570665808902406, 1.5276195130512888, -0.1423136133929641, 1.7124298672563634, 1.035698052490219, -0.10806230738849276, -0.33280325827468865, -0.19206309511009, -0.14600709871060533, 0.15020369690139898, -0.1534474453512897])
(0, '313', [-0.1468720813469858, 2.1157389497824437, -0.2570665808902406, -0.5216009831581446, -0.1423136133929641, -0.1410675995393959, -0.5896179476888824, -0.10806230738849276, -0.33280325827468865, 3.4370148163034075, -0.14600709871060533, 2.6650065209720726, -0.1534474453512897])
(0, '318', [-0.1468720813469858, 0.8241616955152541, -0.2570665808902406, -0.5216009831581446, -0.1423136133929641, -0.1410675995393959, -0.7570324713124809, -0.10806230738849276, -0.33280325827468865, 1.9853836517380086, -0.14600709871060533, 0.9884713049249568, -0.1534474453512897])
(0, '322', [-0.1468720813469858, 1.2546874469376508, -0.2570665808902406, -0.5216009831581446, -0.1423136133929641, -0.1410675995393959, -0.526837501330033, -0.10806230738849276, -0.33280325827468865, 1.259568069455309, -0.14600709871060533, 1.4076051089367356, -0.1534474453512897])
(0, '323', [-0.1468720813469858, 1.2546874469376508, -0.2570665808902406, -0.5216009831581446, -0.1423136133929641, -0.1410675995393959, -0.5198618961790498, -0.10806230738849276, -0.33280325827468865, 1.259568069455309, -0.14600709871060533, 1.1980382069308462, -0.1534474453512897])
(0, '325', [-0.1468720813469858, 0.17837306838165914, -0.2570665808902406, 1.5276195130512888, -0.1423136133929641, 1.7124298672563634, -0.12225240257300347, -0.10806230738849276, -0.33280325827468865, 0.5337524871726095, -0.14600709871060533, 0.15020369690139898, -0.1534474453512897])
(0, '327', [-0.1468720813469858, 1.0394245712264523, -0.2570665808902406, -0.5216009831581446, -0.1423136133929641, -0.1410675995393959, 0.5892593228272899, -0.10806230738849276, -0.33280325827468865, 0.5337524871726095, -0.14600709871060533, 0.9884713049249568, -0.1534474453512897])
(0, '330', [-0.1468720813469858, -0.03688980732953918, -0.2570665808902406, 1.5276195130512888, -0.1423136133929641, 1.7124298672563634, -0.10830119227103695, -0.10806230738849276, -0.33280325827468865, -0.19206309511009, -0.14600709871060533, -0.05936320510449048, -0.1534474453512897])
(0, '332', [-0.1468720813469858, 1.0394245712264523, -0.2570665808902406, -0.5216009831581446, -0.1423136133929641, -0.1410675995393959, -0.526837501330033, -0.10806230738849276, -0.33280325827468865, 1.259568069455309, -0.14600709871060533, 0.9884713049249568, -0.1534474453512897])
(0, '354', [-0.1468720813469858, -0.03688980732953918, -0.2570665808902406, 1.5276195130512888, -0.1423136133929641, 1.7124298672563634, -0.6768130120761733, -0.10806230738849276, -0.33280325827468865, -0.9178786773927895, -0.14600709871060533, -0.05936320510449048, -0.1534474453512897])
(0, '360', [-0.1468720813469858, 1.0394245712264523, -0.2570665808902406, -0.5216009831581446, -0.1423136133929641, -0.1410675995393959, -0.06644756136513734, -0.10806230738849276, -0.33280325827468865, 1.259568069455309, -0.14600709871060533, 1.1980382069308462, -0.1534474453512897])
(0, '361', [-0.1468720813469858, 2.1157389497824437, -0.2570665808902406, 1.5276195130512888, -0.1423136133929641, 1.7124298672563634, -0.4919594755751167, -0.10806230738849276, -0.33280325827468865, 1.9853836517380086, -0.14600709871060533, 2.036305814954404, -0.1534474453512897])
(0, '364', [3.2055693520678714, 0.17837306838165914, 5.911799758680044, 1.5276195130512888, 4.269408401788918, -0.1410675995393959, 2.2738679667897492, 3.186952311342595, 3.2362868196549446, -0.19206309511009, 3.168893158863104, 0.15020369690139898, 6.805174990693482])
(0, '365', [-0.1468720813469858, -0.03688980732953918, -0.2570665808902406, 1.5276195130512888, -0.1423136133929641, 1.7124298672563634, 0.9519907906784197, -0.10806230738849276, -0.33280325827468865, -0.19206309511009, -0.14600709871060533, -0.05936320510449048, -0.1534474453512897])
(0, '370', [-0.1468720813469858, -0.25215268304073746, -0.2570665808902406, 1.5276195130512888, -0.1423136133929641, 1.7124298672563634, -0.4884716729996251, -0.10806230738849276, -0.33280325827468865, -0.19206309511009, -0.14600709871060533, -0.26893010711037996, -0.1534474453512897])
(0, '373', [-0.012774424010391503, 1.0394245712264523, 0.2872451549541963, 1.5276195130512888, -0.1423136133929641, 1.7124298672563634, 2.608697014036946, -0.10806230738849276, 1.4517417806901278, -0.19206309511009, -0.013411088407656951, 0.9884713049249568, -0.1534474453512897])
(0, '377', [-0.1468720813469858, 0.6088988198040558, -0.2570665808902406, 1.5276195130512888, -0.1423136133929641, 1.7124298672563634, -0.526837501330033, -0.10806230738849276, -0.33280325827468865, 0.5337524871726095, -0.14600709871060533, 0.7789044029190674, -0.1534474453512897])
(0, '382', [-0.1468720813469858, 0.17837306838165914, -0.2570665808902406, 1.5276195130512888, -0.1423136133929641, 1.7124298672563634, 0.3939423785997584, -0.10806230738849276, -0.33280325827468865, 0.5337524871726095, -0.14600709871060533, 0.15020369690139898, -0.1534474453512897])
(0, '388', [-0.1468720813469858, 1.0394245712264523, -0.2570665808902406, -0.5216009831581446, -0.1423136133929641, -0.1410675995393959, -0.603569157990849, -0.10806230738849276, -0.33280325827468865, 1.259568069455309, -0.14600709871060533, 0.9884713049249568, -0.1534474453512897])
(0, '395', [-0.1468720813469858, 1.2546874469376508, -0.2570665808902406, -0.5216009831581446, -0.1423136133929641, -0.1410675995393959, -0.66983740692519, -0.10806230738849276, -0.33280325827468865, 1.259568069455309, -0.14600709871060533, 1.1980382069308462, -0.1534474453512897])
(0, '398', [-0.1468720813469858, 3.192053328338435, -0.2570665808902406, -0.5216009831581446, -0.1423136133929641, -0.1410675995393959, -0.7151788404065813, -0.10806230738849276, -0.33280325827468865, 1.9853836517380086, -0.14600709871060533, 3.0841403249838515, -0.1534474453512897])
(0, '399', [0.0766240142140047, 1.2546874469376508, 0.6501196455171542, 1.5276195130512888, -0.1423136133929641, 1.7124298672563634, 2.162258284374017, -0.10806230738849276, 1.4517417806901278, 0.5337524871726095, 0.07498625179430864, 1.1980382069308462, -0.1534474453512897])
(0, '401', [-0.1468720813469858, 0.6088988198040558, -0.2570665808902406, 1.5276195130512888, -0.1423136133929641, 1.7124298672563634, 2.109941245741642, -0.10806230738849276, -0.33280325827468865, -0.19206309511009, -0.14600709871060533, 0.5693375009131779, -0.1534474453512897])
(0, '404', [-0.1468720813469858, 0.39363594409285746, -0.2570665808902406, 1.5276195130512888, -0.1423136133929641, 1.7124298672563634, 2.817965168566444, -0.10806230738849276, -0.33280325827468865, 0.5337524871726095, -0.14600709871060533, 0.3597705989072884, -0.1534474453512897])
(0, '407', [-0.1468720813469858, 0.17837306838165914, -0.2570665808902406, 1.5276195130512888, -0.1423136133929641, 1.7124298672563634, -0.4814960678486418, -0.10806230738849276, -0.33280325827468865, -0.19206309511009, -0.14600709871060533, 0.3597705989072884, -0.1534474453512897])
(0, '409', [-0.1468720813469858, -0.03688980732953918, -0.2570665808902406, 1.5276195130512888, -0.1423136133929641, 1.7124298672563634, -0.5896179476888824, -0.10806230738849276, -0.33280325827468865, -0.9178786773927895, -0.14600709871060533, -0.05936320510449048, -0.1534474453512897])
(0, '411', [-0.0574736431225896, 3.192053328338435, 0.10580790967271733, 5.626060505470156, -0.1423136133929641, 1.7124298672563634, 2.0855266277132007, -0.10806230738849276, 1.4517417806901278, 1.259568069455309, -0.057609758508639745, 3.0841403249838515, -0.1534474453512897])
(0, '419', [-0.1468720813469858, 1.6852131983600473, -0.2570665808902406, 3.576840009260722, -0.1423136133929641, 3.5659273340521227, 0.4044057863262333, -0.10806230738849276, -0.33280325827468865, 1.9853836517380086, -0.14600709871060533, 1.8267389129485145, -0.1534474453512897])
(0, '422', [-0.1468720813469858, 3.192053328338435, -0.2570665808902406, 1.5276195130512888, -0.1423136133929641, 1.7124298672563634, 0.2718692884575512, -0.10806230738849276, -0.33280325827468865, 0.5337524871726095, -0.14600709871060533, 3.0841403249838515, -0.1534474453512897])
(0, '426', [-0.012774424010391503, 0.6088988198040558, 0.2872451549541963, -0.5216009831581446, -0.1423136133929641, -0.1410675995393959, 0.4288204043546747, -0.10806230738849276, 1.4517417806901278, 1.259568069455309, -0.013411088407656951, 0.5693375009131779, -0.1534474453512897])
(0, '427', [-0.1468720813469858, 1.6852131983600473, -0.2570665808902406, -0.5216009831581446, -0.1423136133929641, -0.1410675995393959, -0.4187156214897924, -0.10806230738849276, -0.33280325827468865, 1.9853836517380086, -0.14600709871060533, 1.617172010942625, -0.1534474453512897])
(0, '429', [-0.1468720813469858, 1.6852131983600473, -0.2570665808902406, -0.5216009831581446, -0.1423136133929641, -0.1410675995393959, 3.756184061373694, -0.10806230738849276, -0.33280325827468865, 4.162830398586107, -0.14600709871060533, 1.8267389129485145, -0.1534474453512897])
(0, '433', [-0.1468720813469858, -0.25215268304073746, -0.2570665808902406, 1.5276195130512888, -0.1423136133929641, -0.1410675995393959, 4.3735251172357135, -0.10806230738849276, -0.33280325827468865, -0.19206309511009, -0.14600709871060533, -0.26893010711037996, -0.1534474453512897])
(0, '436', [-0.1468720813469858, 0.8241616955152541, -0.2570665808902406, 1.5276195130512888, -0.1423136133929641, 1.7124298672563634, 0.27535709103304284, -0.10806230738849276, -0.33280325827468865, 1.259568069455309, -0.14600709871060533, 0.7789044029190674, -0.1534474453512897])
(0, '439', [-0.1468720813469858, 0.39363594409285746, -0.2570665808902406, -0.5216009831581446, -0.1423136133929641, -0.1410675995393959, 1.2066003786893091, -0.10806230738849276, -0.33280325827468865, 1.259568069455309, -0.14600709871060533, 0.3597705989072884, -0.1534474453512897])
(0, '441', [-0.1468720813469858, 1.469950322648849, -0.2570665808902406, -0.5216009831581446, -0.1423136133929641, -0.1410675995393959, 0.16374740861731052, -0.10806230738849276, -0.33280325827468865, 0.5337524871726095, -0.14600709871060533, 1.4076051089367356, -0.1534474453512897])
(0, '442', [-0.1468720813469858, -0.25215268304073746, -0.2570665808902406, 1.5276195130512888, -0.1423136133929641, 1.7124298672563634, 1.140332129754968, -0.10806230738849276, -0.33280325827468865, -0.19206309511009, -0.14600709871060533, -0.05936320510449048, -0.1534474453512897])
(0, '446', [-0.1468720813469858, 1.0394245712264523, -0.2570665808902406, -0.5216009831581446, -0.1423136133929641, -0.1410675995393959, 0.13933279058886908, -0.10806230738849276, -0.33280325827468865, 1.259568069455309, -0.14600709871060533, 1.1980382069308462, -0.1534474453512897])
(0, '447', [-0.012774424010391503, 4.268367706894427, 0.2872451549541963, 1.5276195130512888, -0.1423136133929641, 1.7124298672563634, 0.4288204043546747, -0.10806230738849276, 1.4517417806901278, 1.9853836517380086, -0.013411088407656951, 4.131974835013299, -0.1534474453512897])
(0, '450', [1.060006834682363, -0.25215268304073746, 4.641739041709691, 1.5276195130512888, -0.1423136133929641, 1.7124298672563634, -0.06644756136513734, -0.10806230738849276, 1.4517417806901278, -0.9178786773927895, 1.04735699401593, -0.26893010711037996, -0.1534474453512897])
(0, '451', [-0.1468720813469858, 1.0394245712264523, -0.2570665808902406, -0.5216009831581446, -0.1423136133929641, -0.1410675995393959, -0.6489105914722403, -0.10806230738849276, -0.33280325827468865, 1.259568069455309, -0.14600709871060533, 0.9884713049249568, -0.1534474453512897])
(0, '456', [-0.1468720813469858, 0.39363594409285746, -0.2570665808902406, 1.5276195130512888, -0.1423136133929641, 1.7124298672563634, -0.3663985828574179, -0.10806230738849276, -0.33280325827468865, 1.259568069455309, -0.14600709871060533, 0.3597705989072884, -0.1534474453512897])
(0, '466', [5.753424841463163, 1.6852131983600473, 5.911799758680044, 1.5276195130512888, 6.47526940937986, 1.7124298672563634, 2.9086480355292266, 8.239308060063596, 5.020831858619761, 3.4370148163034075, 5.688217354619122, 1.8267389129485145, 6.805174990693482])
(0, '472', [-0.1468720813469858, 1.0394245712264523, -0.2570665808902406, -0.5216009831581446, -0.1423136133929641, -0.1410675995393959, 0.28233269618402607, -0.10806230738849276, -0.33280325827468865, 0.5337524871726095, -0.14600709871060533, 0.9884713049249568, -0.1534474453512897])
(0, '473', [-0.10217286223478769, 1.2546874469376508, -0.07562933560876163, 1.5276195130512888, -0.1423136133929641, 1.7124298672563634, 0.5543812970723736, -0.10806230738849276, 1.4517417806901278, 1.259568069455309, -0.10180842860962254, 1.1980382069308462, -0.1534474453512897])
(0, '474', [-0.1468720813469858, 1.0394245712264523, -0.2570665808902406, -0.5216009831581446, -0.1423136133929641, -0.1410675995393959, -0.4745204626976585, -0.10806230738849276, -0.33280325827468865, 1.259568069455309, -0.14600709871060533, 0.9884713049249568, -0.1534474453512897])
(0, '487', [-0.1468720813469858, 1.469950322648849, -0.2570665808902406, -0.5216009831581446, -0.1423136133929641, -0.1410675995393959, 0.01028409529567862, -0.10806230738849276, -0.33280325827468865, 0.5337524871726095, -0.14600709871060533, 1.4076051089367356, -0.1534474453512897])
(0, '493', [-0.1468720813469858, 2.5462647012048403, -0.2570665808902406, 1.5276195130512888, -0.1423136133929641, 1.7124298672563634, 1.99833156332591, -0.10806230738849276, -0.33280325827468865, 0.5337524871726095, -0.14600709871060533, 2.6650065209720726, -0.1534474453512897])
(0, '500', [-0.10217286223478769, 0.6088988198040558, -0.07562933560876163, 1.5276195130512888, -0.1423136133929641, 1.7124298672563634, 2.2110875204308997, -0.10806230738849276, 1.4517417806901278, 0.5337524871726095, -0.10180842860962254, 0.5693375009131779, -0.1534474453512897])
(0, '503', [-0.1468720813469858, -0.03688980732953918, -0.2570665808902406, 1.5276195130512888, -0.1423136133929641, 1.7124298672563634, 0.0905035545319862, -0.10806230738849276, -0.33280325827468865, -0.19206309511009, -0.14600709871060533, -0.05936320510449048, -0.1534474453512897])
(0, '505', [-0.1468720813469858, 2.5462647012048403, -0.2570665808902406, 3.576840009260722, -0.1423136133929641, 3.5659273340521227, -0.10132558712005367, -0.10806230738849276, -0.33280325827468865, 1.259568069455309, -0.14600709871060533, 2.6650065209720726, -0.1534474453512897])
(0, '506', [0.2554208906627971, 1.0394245712264523, 1.37586862664307, 1.5276195130512888, -0.1423136133929641, 1.7124298672563634, 1.625136687748305, -0.10806230738849276, 1.4517417806901278, 0.5337524871726095, 0.25178093219823977, 0.9884713049249568, -0.1534474453512897])
(0, '507', [-0.1468720813469858, 1.9004760740712454, -0.2570665808902406, -0.5216009831581446, -0.1423136133929641, -0.1410675995393959, -0.5547399219339662, -0.10806230738849276, -0.33280325827468865, 1.9853836517380086, -0.14600709871060533, 1.8267389129485145, -0.1534474453512897])
(0, '509', [-0.1468720813469858, 0.39363594409285746, -0.2570665808902406, 3.576840009260722, -0.1423136133929641, 1.7124298672563634, -0.15713042832791982, -0.10806230738849276, -0.33280325827468865, -0.19206309511009, -0.14600709871060533, 0.3597705989072884, -0.1534474453512897])
(0, '510', [1.2388037111311554, 0.17837306838165914, 5.1860507775541285, 1.5276195130512888, 0.9606168904025065, 1.7124298672563634, 0.09747915968296948, -0.10806230738849276, 3.2362868196549446, -0.19206309511009, 1.2241516744198613, 0.15020369690139898, 1.5862081636599032])
(0, '513', [-0.1468720813469858, 1.2546874469376508, -0.2570665808902406, -0.5216009831581446, -0.1423136133929641, -0.1410675995393959, -0.6454227888967486, -0.10806230738849276, -0.33280325827468865, 1.259568069455309, -0.14600709871060533, 1.1980382069308462, -0.1534474453512897])
(0, '518', [-0.1468720813469858, 1.0394245712264523, -0.2570665808902406, -0.5216009831581446, -0.1423136133929641, -0.1410675995393959, -0.5686911322359327, -0.10806230738849276, -0.33280325827468865, 1.259568069455309, -0.14600709871060533, 1.1980382069308462, -0.1534474453512897])
(0, '527', [-0.0574736431225896, 0.6088988198040558, 0.10580790967271733, 1.5276195130512888, -0.1423136133929641, 1.7124298672563634, 0.8682835288666206, -0.10806230738849276, 1.4517417806901278, 0.5337524871726095, -0.057609758508639745, 0.5693375009131779, -0.1534474453512897])
(0, '528', [-0.1468720813469858, 0.6088988198040558, -0.2570665808902406, -0.5216009831581446, -0.1423136133929641, -0.1410675995393959, 1.7158195547110877, -0.10806230738849276, -0.33280325827468865, 1.9853836517380086, -0.14600709871060533, 0.7789044029190674, -0.1534474453512897])
(0, '533', [-0.1468720813469858, 4.914156334028021, -0.2570665808902406, 1.5276195130512888, -0.1423136133929641, 1.7124298672563634, 0.6764543872145807, -0.10806230738849276, -0.33280325827468865, 2.7111992340207083, -0.14600709871060533, 4.760675541030967, -0.1534474453512897])
(0, '534', [-0.1468720813469858, 0.17837306838165914, -0.2570665808902406, 1.5276195130512888, -0.1423136133929641, 1.7124298672563634, -0.6175203682928155, -0.10806230738849276, -0.33280325827468865, 1.259568069455309, -0.14600709871060533, 0.3597705989072884, -0.1534474453512897])
(0, '541', [-0.1468720813469858, 1.6852131983600473, -0.2570665808902406, -0.5216009831581446, -0.1423136133929641, -0.1410675995393959, -0.7361056558595311, -0.10806230738849276, -0.33280325827468865, 1.259568069455309, -0.14600709871060533, 1.617172010942625, -0.1534474453512897])
(0, '547', [-0.1468720813469858, 1.469950322648849, -0.2570665808902406, 1.5276195130512888, -0.1423136133929641, 1.7124298672563634, 0.3939423785997584, -0.10806230738849276, -0.33280325827468865, 1.259568069455309, -0.14600709871060533, 1.4076051089367356, -0.1534474453512897])
(0, '549', [-0.1468720813469858, 0.8241616955152541, -0.2570665808902406, -0.5216009831581446, -0.1423136133929641, -0.1410675995393959, -0.5338131064810163, -0.10806230738849276, -0.33280325827468865, 1.9853836517380086, -0.14600709871060533, 0.7789044029190674, -0.1534474453512897])
(0, '551', [-0.1468720813469858, 9.649939599674385, -0.2570665808902406, 3.576840009260722, -0.1423136133929641, 3.5659273340521227, 1.046161460216694, -0.10806230738849276, -0.33280325827468865, 2.7111992340207083, -0.14600709871060533, 9.371147385160535, -0.1534474453512897])
(0, '556', [-0.1468720813469858, 1.0394245712264523, -0.2570665808902406, -0.5216009831581446, -0.1423136133929641, -0.1410675995393959, 0.3939423785997584, -0.10806230738849276, -0.33280325827468865, 1.259568069455309, -0.14600709871060533, 0.9884713049249568, -0.1534474453512897])
(0, '557', [-0.1468720813469858, 1.0394245712264523, -0.2570665808902406, 1.5276195130512888, -0.1423136133929641, 1.7124298672563634, 1.408892928067824, -0.10806230738849276, -0.33280325827468865, 1.259568069455309, -0.14600709871060533, 0.9884713049249568, -0.1534474453512897])
(0, '569', [-0.1468720813469858, 1.2546874469376508, -0.2570665808902406, -0.5216009831581446, -0.1423136133929641, -0.1410675995393959, -0.5233496987545414, -0.10806230738849276, -0.33280325827468865, 1.259568069455309, -0.14600709871060533, 1.1980382069308462, -0.1534474453512897])
(0, '582', [-0.1468720813469858, 1.469950322648849, -0.2570665808902406, 1.5276195130512888, -0.1423136133929641, 1.7124298672563634, 0.09747915968296948, -0.10806230738849276, -0.33280325827468865, -0.19206309511009, -0.14600709871060533, 1.4076051089367356, -0.1534474453512897])
(0, '584', [-0.1468720813469858, 2.331001825493642, -0.2570665808902406, -0.5216009831581446, -0.1423136133929641, -0.1410675995393959, 1.8623072628817363, -0.10806230738849276, -0.33280325827468865, 1.259568069455309, -0.14600709871060533, 2.2458727169602937, -0.1534474453512897])
(0, '586', [-0.1468720813469858, 0.8241616955152541, -0.2570665808902406, -0.5216009831581446, -0.1423136133929641, -0.1410675995393959, -0.010642720157271185, -0.10806230738849276, -0.33280325827468865, 1.259568069455309, -0.14600709871060533, 0.7789044029190674, -0.1534474453512897])
(0, '587', [-0.1468720813469858, 1.2546874469376508, -0.2570665808902406, -0.5216009831581446, -0.1423136133929641, -0.1410675995393959, -0.4884716729996251, -0.10806230738849276, -0.33280325827468865, 0.5337524871726095, -0.14600709871060533, 1.1980382069308462, -0.1534474453512897])
(0, '589', [-0.1468720813469858, 0.6088988198040558, -0.2570665808902406, -0.5216009831581446, -0.1423136133929641, -0.1410675995393959, 2.845867589170377, -0.10806230738849276, -0.33280325827468865, 1.259568069455309, -0.14600709871060533, 0.7789044029190674, -0.1534474453512897])
(0, '593', [-0.10217286223478769, 0.6088988198040558, -0.07562933560876163, 1.5276195130512888, -0.1423136133929641, 1.7124298672563634, -0.32105714937602664, -0.10806230738849276, 1.4517417806901278, -0.19206309511009, -0.10180842860962254, 0.5693375009131779, -0.1534474453512897])
(0, '594', [-0.1468720813469858, 0.17837306838165914, -0.2570665808902406, 1.5276195130512888, -0.1423136133929641, 1.7124298672563634, -0.5791545399624075, -0.10806230738849276, -0.33280325827468865, -0.19206309511009, -0.14600709871060533, 0.15020369690139898, -0.1534474453512897])
(0, '595', [0.7918115200091743, 0.17837306838165914, 3.5531155700208177, 1.5276195130512888, -0.1423136133929641, 1.7124298672563634, 1.5553806362384726, -0.10806230738849276, 1.4517417806901278, -0.19206309511009, 0.7821649734100333, 0.15020369690139898, -0.1534474453512897])
(0, '598', [-0.1468720813469858, 0.17837306838165914, -0.2570665808902406, 1.5276195130512888, -0.1423136133929641, 1.7124298672563634, 0.2858204987595177, -0.10806230738849276, -0.33280325827468865, 0.5337524871726095, -0.14600709871060533, 0.15020369690139898, -0.1534474453512897])
(0, '601', [-0.1468720813469858, 1.469950322648849, -0.2570665808902406, 1.5276195130512888, -0.1423136133929641, 1.7124298672563634, 1.5100392027570813, -0.10806230738849276, -0.33280325827468865, 0.5337524871726095, -0.14600709871060533, 1.4076051089367356, -0.1534474453512897])
(0, '604', [-0.1468720813469858, 2.5462647012048403, -0.2570665808902406, -0.5216009831581446, -0.1423136133929641, -0.1410675995393959, 0.5055520610154907, -0.10806230738849276, -0.33280325827468865, 2.7111992340207083, -0.14600709871060533, 2.6650065209720726, -0.1534474453512897])
(0, '606', [-0.1468720813469858, 2.331001825493642, -0.2570665808902406, -0.5216009831581446, -0.1423136133929641, -0.1410675995393959, -0.7221544455575646, -0.10806230738849276, -0.33280325827468865, 1.9853836517380086, -0.14600709871060533, 2.2458727169602937, -0.1534474453512897])
(0, '609', [-0.1468720813469858, 1.9004760740712454, -0.2570665808902406, -0.5216009831581446, -0.1423136133929641, -0.1410675995393959, -0.7430812610105144, -0.10806230738849276, -0.33280325827468865, 3.4370148163034075, -0.14600709871060533, 1.8267389129485145, -0.1534474453512897])
(0, '613', [-0.1468720813469858, 0.39363594409285746, -0.2570665808902406, 1.5276195130512888, -0.1423136133929641, 1.7124298672563634, 0.5299666790439321, -0.10806230738849276, -0.33280325827468865, 0.5337524871726095, -0.14600709871060533, 0.3597705989072884, -0.1534474453512897])
(0, '615', [-0.10217286223478769, 1.9004760740712454, -0.07562933560876163, 1.5276195130512888, -0.1423136133929641, 1.7124298672563634, -0.6314715785947821, -0.10806230738849276, 1.4517417806901278, 1.9853836517380086, -0.10180842860962254, 1.8267389129485145, -0.1534474453512897])
(0, '616', [-0.1468720813469858, 0.17837306838165914, -0.2570665808902406, 1.5276195130512888, -0.1423136133929641, 1.7124298672563634, 0.13584498801337747, -0.10806230738849276, -0.33280325827468865, -0.19206309511009, -0.14600709871060533, 0.15020369690139898, -0.1534474453512897])
(0, '621', [-0.10217286223478769, 0.39363594409285746, -0.07562933560876163, 1.5276195130512888, -0.1423136133929641, -0.1410675995393959, 0.3206985245144341, -0.10806230738849276, 1.4517417806901278, -0.19206309511009, -0.10180842860962254, 0.3597705989072884, -0.1534474453512897])
(0, '629', [-0.1468720813469858, -0.03688980732953918, -0.2570665808902406, 3.576840009260722, -0.1423136133929641, 1.7124298672563634, 1.2031125761138175, -0.10806230738849276, -0.33280325827468865, -0.9178786773927895, -0.14600709871060533, -0.05936320510449048, -0.1534474453512897])
(0, '630', [-0.1468720813469858, 1.0394245712264523, -0.2570665808902406, 1.5276195130512888, -0.1423136133929641, 1.7124298672563634, -0.19200845408283618, -0.10806230738849276, -0.33280325827468865, 0.5337524871726095, -0.14600709871060533, 0.9884713049249568, -0.1534474453512897])
(0, '633', [-0.1468720813469858, 0.17837306838165914, -0.2570665808902406, 1.5276195130512888, -0.1423136133929641, 1.7124298672563634, 0.8682835288666206, -0.10806230738849276, -0.33280325827468865, -0.19206309511009, -0.14600709871060533, 0.15020369690139898, -0.1534474453512897])
(0, '637', [-0.1468720813469858, 0.39363594409285746, -0.2570665808902406, 1.5276195130512888, -0.1423136133929641, 1.7124298672563634, -0.19898405923381943, -0.10806230738849276, -0.33280325827468865, -0.19206309511009, -0.14600709871060533, 0.3597705989072884, -0.1534474453512897])
(0, '644', [-0.1468720813469858, 3.6225790797608317, -0.2570665808902406, -0.5216009831581446, -0.1423136133929641, -0.1410675995393959, 0.07655234423001968, -0.10806230738849276, -0.33280325827468865, 2.7111992340207083, -0.14600709871060533, 3.5032741289956304, -0.1534474453512897])
(0, '645', [0.12132323332620279, 0.6088988198040558, 0.8315568907986332, 1.5276195130512888, -0.1423136133929641, -0.1410675995393959, 0.3520887476938588, -0.10806230738849276, 1.4517417806901278, 1.259568069455309, 0.11918492189529142, 0.5693375009131779, -0.1534474453512897])
(0, '647', [-0.1468720813469858, 2.1157389497824437, -0.2570665808902406, 1.5276195130512888, -0.1423136133929641, 1.7124298672563634, 0.0486499236260866, -0.10806230738849276, -0.33280325827468865, 1.259568069455309, -0.14600709871060533, 2.2458727169602937, -0.1534474453512897])
(0, '648', [0.3448193288871933, 0.39363594409285746, 1.7387431172060281, 1.5276195130512888, -0.1423136133929641, 1.7124298672563634, 1.7576731856169874, -0.10806230738849276, 1.4517417806901278, -0.19206309511009, 0.3401782724002054, 0.5693375009131779, -0.1534474453512897])
(0, '649', [-0.1468720813469858, 1.2546874469376508, -0.2570665808902406, 1.5276195130512888, -0.1423136133929641, 1.7124298672563634, 0.5125276661664739, -0.10806230738849276, -0.33280325827468865, 0.5337524871726095, -0.14600709871060533, 1.4076051089367356, -0.1534474453512897])
(0, '652', [-0.1468720813469858, 1.2546874469376508, -0.2570665808902406, 1.5276195130512888, -0.1423136133929641, 1.7124298672563634, -0.3384961622534848, -0.10806230738849276, -0.33280325827468865, 1.259568069455309, -0.14600709871060533, 1.4076051089367356, -0.1534474453512897])
(0, '659', [0.5683154244481837, -0.03688980732953918, 2.645929343613423, 1.5276195130512888, -0.1423136133929641, -0.1410675995393959, 2.992355297341026, -0.10806230738849276, 1.4517417806901278, -0.19206309511009, 0.5611716229051193, -0.05936320510449048, -0.1534474453512897])
(0, '663', [-0.1468720813469858, 3.4073162040496334, -0.2570665808902406, 1.5276195130512888, -0.1423136133929641, 1.7124298672563634, 2.256428953912291, -0.10806230738849276, -0.33280325827468865, 1.259568069455309, -0.14600709871060533, 3.7128410310015196, -0.1534474453512897])
(0, '664', [-0.1468720813469858, 0.8241616955152541, -0.2570665808902406, -0.5216009831581446, -0.1423136133929641, -0.1410675995393959, 0.25791807815558465, -0.10806230738849276, -0.33280325827468865, 1.259568069455309, -0.14600709871060533, 0.9884713049249568, -0.1534474453512897])
(0, '666', [-0.1468720813469858, 1.6852131983600473, -0.2570665808902406, -0.5216009831581446, -0.1423136133929641, -0.1410675995393959, 0.1288693828623942, -0.10806230738849276, -0.33280325827468865, 1.9853836517380086, -0.14600709871060533, 1.617172010942625, -0.1534474453512897])
(0, '677', [0.2554208906627971, -0.03688980732953918, 1.37586862664307, 1.5276195130512888, -0.1423136133929641, 1.7124298672563634, 0.14282059316436072, -0.10806230738849276, 1.4517417806901278, -0.19206309511009, 0.25178093219823977, -0.05936320510449048, -0.1534474453512897])
(0, '687', [-0.1468720813469858, 0.8241616955152541, -0.2570665808902406, 1.5276195130512888, -0.1423136133929641, 1.7124298672563634, 0.6485519666106477, -0.10806230738849276, -0.33280325827468865, 0.5337524871726095, -0.14600709871060533, 0.7789044029190674, -0.1534474453512897])
(0, '688', [-0.1468720813469858, 1.0394245712264523, -0.2570665808902406, -0.5216009831581446, -0.1423136133929641, -0.1410675995393959, -0.0036671150062879162, -0.10806230738849276, -0.33280325827468865, 0.5337524871726095, -0.14600709871060533, 0.9884713049249568, -0.1534474453512897])
(0, '698', [-0.1468720813469858, 1.2546874469376508, -0.2570665808902406, 1.5276195130512888, -0.1423136133929641, 1.7124298672563634, 0.8473567134136708, -0.10806230738849276, -0.33280325827468865, 0.5337524871726095, -0.14600709871060533, 1.1980382069308462, -0.1534474453512897])
(0, '712', [-0.1468720813469858, 2.331001825493642, -0.2570665808902406, -0.5216009831581446, -0.1423136133929641, -0.1410675995393959, -0.5617155270849494, -0.10806230738849276, -0.33280325827468865, 1.259568069455309, -0.14600709871060533, 2.2458727169602937, -0.1534474453512897])
(0, '715', [-0.1468720813469858, 1.6852131983600473, -0.2570665808902406, -0.5216009831581446, -0.1423136133929641, -0.1410675995393959, -0.6907642223781398, -0.10806230738849276, -0.33280325827468865, 1.9853836517380086, -0.14600709871060533, 1.617172010942625, -0.1534474453512897])
(0, '722', [0.8365107391213724, 0.17837306838165914, 3.7345528153022967, 1.5276195130512888, -0.1423136133929641, 1.7124298672563634, 1.4751611770021649, -0.10806230738849276, 1.4517417806901278, 0.5337524871726095, 0.8263636435110161, 0.15020369690139898, -0.1534474453512897])
(0, '723', [-0.1468720813469858, 1.6852131983600473, -0.2570665808902406, -0.5216009831581446, -0.1423136133929641, -0.1410675995393959, -0.38732539831036766, -0.10806230738849276, -0.33280325827468865, 1.259568069455309, -0.14600709871060533, 1.617172010942625, -0.1534474453512897])
(0, '728', [-0.1468720813469858, 1.0394245712264523, -0.2570665808902406, 1.5276195130512888, -0.1423136133929641, 1.7124298672563634, 2.7726237350850527, -0.10806230738849276, -0.33280325827468865, 0.5337524871726095, -0.14600709871060533, 0.9884713049249568, -0.1534474453512897])
(0, '733', [-0.10217286223478769, 9.434676723963188, -0.07562933560876163, 1.5276195130512888, -0.1423136133929641, -0.1410675995393959, 1.7193073572865794, -0.10806230738849276, 1.4517417806901278, 3.4370148163034075, -0.10180842860962254, 9.371147385160535, -0.1534474453512897])
(0, '734', [-0.1468720813469858, -0.25215268304073746, -0.2570665808902406, 1.5276195130512888, -0.1423136133929641, 1.7124298672563634, 0.4183569966281998, -0.10806230738849276, -0.33280325827468865, -0.9178786773927895, -0.14600709871060533, -0.05936320510449048, -0.1534474453512897])
(0, '737', [-0.1468720813469858, 1.469950322648849, -0.2570665808902406, 1.5276195130512888, -0.1423136133929641, 1.7124298672563634, 0.0695767390790364, -0.10806230738849276, -0.33280325827468865, 0.5337524871726095, -0.14600709871060533, 1.4076051089367356, -0.1534474453512897])
(0, '754', [-0.012774424010391503, 0.17837306838165914, 0.2872451549541963, 1.5276195130512888, -0.1423136133929641, 1.7124298672563634, 7.118425744147629, -0.10806230738849276, 1.4517417806901278, -0.19206309511009, -0.013411088407656951, 0.15020369690139898, -0.1534474453512897])
(0, '757', [-0.1468720813469858, 2.331001825493642, -0.2570665808902406, -0.5216009831581446, -0.1423136133929641, -0.1410675995393959, -0.17805724378086962, -0.10806230738849276, -0.33280325827468865, 1.9853836517380086, -0.14600709871060533, 2.455439618966183, -0.1534474453512897])
(0, '759', [-0.1468720813469858, 0.6088988198040558, -0.2570665808902406, -0.5216009831581446, -0.1423136133929641, -0.1410675995393959, 0.9310639752254699, -0.10806230738849276, -0.33280325827468865, 1.259568069455309, -0.14600709871060533, 0.5693375009131779, -0.1534474453512897])
(0, '774', [-0.1468720813469858, 3.192053328338435, -0.2570665808902406, 1.5276195130512888, -0.1423136133929641, 1.7124298672563634, 0.40091798375074167, -0.10806230738849276, -0.33280325827468865, 1.9853836517380086, -0.14600709871060533, 3.0841403249838515, -0.1534474453512897])
(0, '778', [-0.1468720813469858, 2.1157389497824437, -0.2570665808902406, -0.5216009831581446, -0.1423136133929641, -0.1410675995393959, -0.1431792180259533, -0.10806230738849276, -0.33280325827468865, 3.4370148163034075, -0.14600709871060533, 2.036305814954404, -0.1534474453512897])
(0, '785', [-0.1468720813469858, 0.8241616955152541, -0.2570665808902406, 1.5276195130512888, -0.1423136133929641, 1.7124298672563634, 0.6380885588841728, -0.10806230738849276, -0.33280325827468865, 0.5337524871726095, -0.14600709871060533, 0.7789044029190674, -0.1534474453512897])
(0, '787', [-0.1468720813469858, 2.331001825493642, -0.2570665808902406, 1.5276195130512888, -0.1423136133929641, 1.7124298672563634, 0.34162533996738387, -0.10806230738849276, -0.33280325827468865, 1.9853836517380086, -0.14600709871060533, 2.2458727169602937, -0.1534474453512897])
(0, '793', [-0.1468720813469858, 2.331001825493642, -0.2570665808902406, 1.5276195130512888, -0.1423136133929641, 1.7124298672563634, 3.860818138638443, -0.10806230738849276, -0.33280325827468865, 0.5337524871726095, -0.14600709871060533, 2.2458727169602937, -0.1534474453512897])
(0, '800', [-0.1468720813469858, 3.4073162040496334, -0.2570665808902406, -0.5216009831581446, -0.1423136133929641, -0.1410675995393959, -0.35593517513094297, -0.10806230738849276, -0.33280325827468865, 4.888645980868807, -0.14600709871060533, 3.5032741289956304, -0.1534474453512897])
(0, '802', [-0.10217286223478769, 3.192053328338435, -0.07562933560876163, 5.626060505470156, -0.1423136133929641, 5.419424800847882, 4.980402765371258, -0.10806230738849276, 1.4517417806901278, 0.5337524871726095, -0.10180842860962254, 3.0841403249838515, -0.1534474453512897])
(0, '807', [-0.1468720813469858, -0.25215268304073746, -0.2570665808902406, 1.5276195130512888, -0.1423136133929641, 1.7124298672563634, 1.4367953486717568, -0.10806230738849276, -0.33280325827468865, -0.9178786773927895, -0.14600709871060533, -0.26893010711037996, -0.1534474453512897])
(0, '808', [-0.1468720813469858, 2.1157389497824437, -0.2570665808902406, 1.5276195130512888, -0.1423136133929641, 1.7124298672563634, 3.1632576235401157, -0.10806230738849276, -0.33280325827468865, 1.259568069455309, -0.14600709871060533, 2.036305814954404, -0.1534474453512897])
(0, '811', [-0.1468720813469858, 2.976790452627237, -0.2570665808902406, 1.5276195130512888, -0.1423136133929641, 1.7124298672563634, 4.64557371812406, -0.10806230738849276, -0.33280325827468865, 1.259568069455309, -0.14600709871060533, 3.0841403249838515, -0.1534474453512897])
(0, '818', [-0.1468720813469858, 0.6088988198040558, -0.2570665808902406, 1.5276195130512888, -0.1423136133929641, -0.1410675995393959, 1.1228931168775098, -0.10806230738849276, -0.33280325827468865, 0.5337524871726095, -0.14600709871060533, 0.5693375009131779, -0.1534474453512897])
(0, '831', [-0.1468720813469858, 0.39363594409285746, -0.2570665808902406, 1.5276195130512888, -0.1423136133929641, 1.7124298672563634, -0.5547399219339662, -0.10806230738849276, -0.33280325827468865, 0.5337524871726095, -0.14600709871060533, 0.3597705989072884, -0.1534474453512897])
(0, '834', [-0.1468720813469858, 1.469950322648849, -0.2570665808902406, -0.5216009831581446, -0.1423136133929641, -0.1410675995393959, -0.6768130120761733, -0.10806230738849276, -0.33280325827468865, 1.259568069455309, -0.14600709871060533, 1.617172010942625, -0.1534474453512897])
(0, '845', [-0.1468720813469858, 0.6088988198040558, -0.2570665808902406, 1.5276195130512888, -0.1423136133929641, 1.7124298672563634, 0.5962349279782732, -0.10806230738849276, -0.33280325827468865, 1.259568069455309, -0.14600709871060533, 0.9884713049249568, -0.1534474453512897])
(0, '847', [-0.1468720813469858, 3.6225790797608317, -0.2570665808902406, -0.5216009831581446, -0.1423136133929641, -0.1410675995393959, -0.6872764198026482, -0.10806230738849276, -0.33280325827468865, 1.9853836517380086, -0.14600709871060533, 3.5032741289956304, -0.1534474453512897])
(0, '850', [-0.0574736431225896, 0.6088988198040558, 0.10580790967271733, 1.5276195130512888, -0.1423136133929641, 1.7124298672563634, -0.27920351847012703, -0.10806230738849276, 1.4517417806901278, 0.5337524871726095, -0.057609758508639745, 0.5693375009131779, -0.1534474453512897])
(0, '853', [-0.1468720813469858, 0.17837306838165914, -0.2570665808902406, 1.5276195130512888, -0.1423136133929641, 1.7124298672563634, 1.0322102499147274, -0.10806230738849276, -0.33280325827468865, -0.19206309511009, -0.14600709871060533, 0.15020369690139898, -0.1534474453512897])
(0, '854', [0.0766240142140047, -0.03688980732953918, 0.6501196455171542, 1.5276195130512888, -0.1423136133929641, 1.7124298672563634, 0.5613569022233569, -0.10806230738849276, 1.4517417806901278, -0.19206309511009, 0.07498625179430864, -0.05936320510449048, -0.1534474453512897])
(0, '855', [-0.1468720813469858, 1.6852131983600473, -0.2570665808902406, 1.5276195130512888, -0.1423136133929641, 1.7124298672563634, -0.0734231665161206, -0.10806230738849276, -0.33280325827468865, 1.259568069455309, -0.14600709871060533, 1.617172010942625, -0.1534474453512897])
(0, '859', [-0.1468720813469858, -0.03688980732953918, -0.2570665808902406, 1.5276195130512888, -0.1423136133929641, 1.7124298672563634, 0.292796103910501, -0.10806230738849276, -0.33280325827468865, 1.259568069455309, -0.14600709871060533, 0.15020369690139898, -0.1534474453512897])
(0, '860', [-0.1468720813469858, 0.17837306838165914, -0.2570665808902406, -0.5216009831581446, -0.1423136133929641, -0.1410675995393959, 6.005816722565799, -0.10806230738849276, -0.33280325827468865, 0.5337524871726095, -0.14600709871060533, 0.15020369690139898, -0.1534474453512897])
(0, '864', [-0.1468720813469858, 3.83784195547203, -0.2570665808902406, 1.5276195130512888, -0.1423136133929641, 1.7124298672563634, 0.7392348335734302, -0.10806230738849276, -0.33280325827468865, 1.9853836517380086, -0.14600709871060533, 3.7128410310015196, -0.1534474453512897])
(0, '873', [-0.012774424010391503, -0.03688980732953918, 0.2872451549541963, 1.5276195130512888, -0.1423136133929641, 1.7124298672563634, -0.0734231665161206, -0.10806230738849276, 1.4517417806901278, 0.5337524871726095, -0.013411088407656951, -0.05936320510449048, -0.1534474453512897])
(0, '886', [-0.1468720813469858, 1.9004760740712454, -0.2570665808902406, -0.5216009831581446, -0.1423136133929641, -0.1410675995393959, -0.708203235255598, -0.10806230738849276, -0.33280325827468865, 1.259568069455309, -0.14600709871060533, 1.8267389129485145, -0.1534474453512897])
(0, '889', [-0.012774424010391503, 0.39363594409285746, 0.2872451549541963, 3.576840009260722, -0.1423136133929641, 1.7124298672563634, 1.3635514945864327, -0.10806230738849276, 1.4517417806901278, -0.19206309511009, -0.013411088407656951, 0.3597705989072884, -0.1534474453512897])
(0, '890', [0.4789169862237876, 0.8241616955152541, 2.2830548530504653, 3.576840009260722, -0.1423136133929641, 3.5659273340521227, 0.8543323185646541, -0.10806230738849276, 1.4517417806901278, -0.19206309511009, 0.47277428270315375, 0.7789044029190674, -0.1534474453512897])
(0, '893', [-0.1468720813469858, 1.0394245712264523, -0.2570665808902406, -0.5216009831581446, -0.1423136133929641, -0.1410675995393959, 0.5090398635909823, -0.10806230738849276, -0.33280325827468865, 0.5337524871726095, -0.14600709871060533, 0.9884713049249568, -0.1534474453512897])
(0, '894', [-0.1468720813469858, -0.03688980732953918, -0.2570665808902406, 1.5276195130512888, -0.1423136133929641, 1.7124298672563634, 0.8403811082626875, -0.10806230738849276, -0.33280325827468865, -0.9178786773927895, -0.14600709871060533, -0.05936320510449048, -0.1534474453512897])
(0, '896', [-0.1468720813469858, 0.6088988198040558, -0.2570665808902406, 1.5276195130512888, -0.1423136133929641, 1.7124298672563634, -0.2059596643848027, -0.10806230738849276, -0.33280325827468865, 0.5337524871726095, -0.14600709871060533, 0.7789044029190674, -0.1534474453512897])
(0, '900', [-0.1468720813469858, 1.469950322648849, -0.2570665808902406, -0.5216009831581446, -0.1423136133929641, -0.1410675995393959, -0.6803008146516649, -0.10806230738849276, -0.33280325827468865, 1.9853836517380086, -0.14600709871060533, 1.4076051089367356, -0.1534474453512897])
(0, '922', [0.0319247951018066, 0.8241616955152541, 0.46868240023567526, 1.5276195130512888, -0.1423136133929641, 1.7124298672563634, 0.6973812026675306, -0.10806230738849276, 1.4517417806901278, 0.5337524871726095, 0.03078758169332584, 0.9884713049249568, -0.1534474453512897])
(0, '923', [-0.10217286223478769, -0.03688980732953918, -0.07562933560876163, 1.5276195130512888, -0.1423136133929641, 1.7124298672563634, -0.16759383605439473, -0.10806230738849276, 1.4517417806901278, -0.9178786773927895, -0.10180842860962254, -0.05936320510449048, -0.1534474453512897])
(0, '925', [-0.1468720813469858, 1.0394245712264523, -0.2570665808902406, 1.5276195130512888, -0.1423136133929641, 1.7124298672563634, 1.0008200267353027, -0.10806230738849276, -0.33280325827468865, 0.5337524871726095, -0.14600709871060533, 0.9884713049249568, -0.1534474453512897])
(0, '927', [-0.1468720813469858, 1.0394245712264523, -0.2570665808902406, -0.5216009831581446, -0.1423136133929641, -0.1410675995393959, -0.3001303339230768, -0.10806230738849276, -0.33280325827468865, 1.259568069455309, -0.14600709871060533, 0.9884713049249568, -0.1534474453512897])
(0, '929', [0.4342177671115895, 1.469950322648849, 2.1016176077689863, 1.5276195130512888, -0.1423136133929641, 1.7124298672563634, 0.41486919405270817, -0.10806230738849276, 1.4517417806901278, 0.5337524871726095, 0.4285756126021709, 1.4076051089367356, -0.1534474453512897])
(0, '934', [-0.1468720813469858, 3.4073162040496334, -0.2570665808902406, 3.576840009260722, -0.1423136133929641, 3.5659273340521227, 1.7472097778905125, -0.10806230738849276, -0.33280325827468865, 1.259568069455309, -0.14600709871060533, 3.2937072269897407, -0.1534474453512897])
(0, '936', [-0.1468720813469858, -0.25215268304073746, -0.2570665808902406, 1.5276195130512888, -0.1423136133929641, 1.7124298672563634, -0.4431302395182338, -0.10806230738849276, -0.33280325827468865, -0.19206309511009, -0.14600709871060533, -0.05936320510449048, -0.1534474453512897])
(0, '942', [-0.1468720813469858, 0.17837306838165914, -0.2570665808902406, 1.5276195130512888, -0.1423136133929641, 1.7124298672563634, -0.641934986321257, -0.10806230738849276, -0.33280325827468865, 0.5337524871726095, -0.14600709871060533, 0.15020369690139898, -0.1534474453512897])
(0, '944', [-0.1468720813469858, 0.6088988198040558, -0.2570665808902406, 1.5276195130512888, -0.1423136133929641, -0.1410675995393959, -0.603569157990849, -0.10806230738849276, -0.33280325827468865, 0.5337524871726095, -0.14600709871060533, 0.5693375009131779, -0.1534474453512897])
(0, '952', [-0.1468720813469858, 0.8241616955152541, -0.2570665808902406, -0.5216009831581446, -0.1423136133929641, -0.1410675995393959, -0.27222791331914376, -0.10806230738849276, -0.33280325827468865, 1.9853836517380086, -0.14600709871060533, 0.7789044029190674, -0.1534474453512897])
(0, '957', [-0.1468720813469858, -0.6826784344631341, -0.2570665808902406, 1.5276195130512888, -0.1423136133929641, 1.7124298672563634, 1.311234455954058, -0.10806230738849276, -0.33280325827468865, -0.9178786773927895, -0.14600709871060533, -0.47849700911626936, -0.1534474453512897])
(0, '958', [-0.1468720813469858, 2.7615275769160386, -0.2570665808902406, 1.5276195130512888, -0.1423136133929641, 1.7124298672563634, -0.6977398275291231, -0.10806230738849276, -0.33280325827468865, 1.259568069455309, -0.14600709871060533, 2.6650065209720726, -0.1534474453512897])
(0, '963', [-0.1468720813469858, 1.6852131983600473, -0.2570665808902406, -0.5216009831581446, -0.1423136133929641, -0.1410675995393959, -0.5303253039055247, -0.10806230738849276, -0.33280325827468865, 1.9853836517380086, -0.14600709871060533, 1.617172010942625, -0.1534474453512897])
(0, '972', [-0.1468720813469858, 0.17837306838165914, -0.2570665808902406, 1.5276195130512888, -0.1423136133929641, 1.7124298672563634, -0.19898405923381943, -0.10806230738849276, -0.33280325827468865, -0.19206309511009, -0.14600709871060533, 0.15020369690139898, -0.1534474453512897])
(0, '975', [-0.1468720813469858, 2.5462647012048403, -0.2570665808902406, -0.5216009831581446, -0.1423136133929641, -0.1410675995393959, -0.4884716729996251, -0.10806230738849276, -0.33280325827468865, 2.7111992340207083, -0.14600709871060533, 2.455439618966183, -0.1534474453512897])
(0, '983', [-0.1468720813469858, 0.6088988198040558, -0.2570665808902406, 1.5276195130512888, -0.1423136133929641, 1.7124298672563634, 0.01028409529567862, -0.10806230738849276, -0.33280325827468865, -0.19206309511009, -0.14600709871060533, 0.5693375009131779, -0.1534474453512897])
(0, '985', [-0.1468720813469858, 7.7125737182736005, -0.2570665808902406, -0.5216009831581446, -0.1423136133929641, -0.1410675995393959, -0.35593517513094297, -0.10806230738849276, -0.33280325827468865, 1.259568069455309, -0.14600709871060533, 7.485045267107529, -0.1534474453512897])
(0, '986', [-0.1468720813469858, 0.17837306838165914, -0.2570665808902406, 1.5276195130512888, -0.1423136133929641, 1.7124298672563634, 0.2125766446741934, -0.10806230738849276, -0.33280325827468865, -0.19206309511009, -0.14600709871060533, 0.15020369690139898, -0.1534474453512897])
(0, '990', [-0.1468720813469858, -0.4674155587519358, -0.2570665808902406, 1.5276195130512888, -0.1423136133929641, 1.7124298672563634, 3.323696542012731, -0.10806230738849276, -0.33280325827468865, -0.9178786773927895, -0.14600709871060533, -0.47849700911626936, -0.1534474453512897])
(0, '993', [0.3448193288871933, 1.2546874469376508, 1.7387431172060281, 3.576840009260722, -0.1423136133929641, 3.5659273340521227, 1.1647467477834095, -0.10806230738849276, 1.4517417806901278, 0.5337524871726095, 0.3401782724002054, 1.1980382069308462, -0.1534474453512897])
(0, '995', [-0.1468720813469858, 0.17837306838165914, -0.2570665808902406, 1.5276195130512888, -0.1423136133929641, 1.7124298672563634, 0.7566738464508883, -0.10806230738849276, -0.33280325827468865, 0.5337524871726095, -0.14600709871060533, 0.15020369690139898, -0.1534474453512897])
(0, '997', [-0.1468720813469858, 0.8241616955152541, -0.2570665808902406, 1.5276195130512888, -0.1423136133929641, 1.7124298672563634, -0.3977888060368426, -0.10806230738849276, -0.33280325827468865, 0.5337524871726095, -0.14600709871060533, 0.7789044029190674, -0.1534474453512897])
(0, '1000', [-0.1468720813469858, 2.1157389497824437, -0.2570665808902406, 1.5276195130512888, -0.1423136133929641, 1.7124298672563634, -0.05947195621415406, -0.10806230738849276, -0.33280325827468865, 1.259568069455309, -0.14600709871060533, 2.2458727169602937, -0.1534474453512897])
(0, '1002', [-0.1468720813469858, 1.0394245712264523, -0.2570665808902406, -0.5216009831581446, -0.1423136133929641, -0.1410675995393959, -0.7709836816144474, -0.10806230738849276, -0.33280325827468865, 1.9853836517380086, -0.14600709871060533, 0.9884713049249568, -0.1534474453512897])
(0, '1003', [-0.1468720813469858, 0.8241616955152541, -0.2570665808902406, -0.5216009831581446, -0.1423136133929641, -0.1410675995393959, -0.10132558712005367, -0.10806230738849276, -0.33280325827468865, 1.259568069455309, -0.14600709871060533, 0.7789044029190674, -0.1534474453512897])
(0, '1007', [-0.1468720813469858, 1.0394245712264523, -0.2570665808902406, -0.5216009831581446, -0.1423136133929641, -0.1410675995393959, 0.11143036998493601, -0.10806230738849276, -0.33280325827468865, 0.5337524871726095, -0.14600709871060533, 0.9884713049249568, -0.1534474453512897])
(0, '1008', [-0.1468720813469858, 0.6088988198040558, -0.2570665808902406, 1.5276195130512888, -0.1423136133929641, 1.7124298672563634, -0.017618325308254454, -0.10806230738849276, -0.33280325827468865, 0.5337524871726095, -0.14600709871060533, 0.5693375009131779, -0.1534474453512897])
(0, '1010', [-0.1468720813469858, 2.331001825493642, -0.2570665808902406, -0.5216009831581446, -0.1423136133929641, -0.1410675995393959, 0.14630839573985235, -0.10806230738849276, -0.33280325827468865, 0.5337524871726095, -0.14600709871060533, 2.2458727169602937, -0.1534474453512897])
(0, '1011', [-0.1468720813469858, 1.6852131983600473, -0.2570665808902406, -0.5216009831581446, -0.1423136133929641, -0.1410675995393959, -0.4675448575466753, -0.10806230738849276, -0.33280325827468865, 2.7111992340207083, -0.14600709871060533, 1.617172010942625, -0.1534474453512897])
(0, '1012', [-0.1468720813469858, -0.4674155587519358, -0.2570665808902406, 1.5276195130512888, -0.1423136133929641, 1.7124298672563634, -0.0943499819690704, -0.10806230738849276, -0.33280325827468865, 0.5337524871726095, -0.14600709871060533, -0.26893010711037996, -0.1534474453512897])
(0, '1017', [-0.1468720813469858, 0.17837306838165914, -0.2570665808902406, 1.5276195130512888, -0.1423136133929641, 1.7124298672563634, 1.5205026104835562, -0.10806230738849276, -0.33280325827468865, -0.19206309511009, -0.14600709871060533, 0.15020369690139898, -0.1534474453512897])
