(0, '1031', [-0.1468720813469858, -0.4674155587519358, -0.2570665808902406, -0.5216009831581446, -0.1423136133929641, -0.1410675995393959, 0.15328400089083563, -0.10806230738849276, -0.33280325827468865, -0.19206309511009, -0.14600709871060533, -0.47849700911626936, -0.1534474453512897])
(0, '1069', [-0.1468720813469858, -0.4674155587519358, -0.2570665808902406, -0.5216009831581446, -0.1423136133929641, -0.1410675995393959, 0.40789358890172495, -0.10806230738849276, -0.33280325827468865, 0.5337524871726095, -0.14600709871060533, -0.47849700911626936, -0.1534474453512897])
(0, '1071', [-0.1468720813469858, -0.4674155587519358, -0.2570665808902406, -0.5216009831581446, -0.1423136133929641, -0.1410675995393959, 0.33116193224090895, -0.10806230738849276, -0.33280325827468865, -0.19206309511009, -0.14600709871060533, -0.47849700911626936, -0.1534474453512897])
(0, '1086', [-0.1468720813469858, -0.03688980732953918, -0.2570665808902406, -0.5216009831581446, -0.1423136133929641, -0.1410675995393959, 0.1288693828623942, -0.10806230738849276, -0.33280325827468865, -0.19206309511009, -0.14600709871060533, -0.05936320510449048, -0.1534474453512897])
(0, '1123', [-0.1468720813469858, -0.25215268304073746, -0.2570665808902406, -0.5216009831581446, -0.1423136133929641, -0.1410675995393959, 0.39743018117525003, -0.10806230738849276, -0.33280325827468865, -0.19206309511009, -0.14600709871060533, -0.26893010711037996, -0.1534474453512897])
(0, '1130', [-0.1468720813469858, -0.4674155587519358, -0.2570665808902406, -0.5216009831581446, -0.1423136133929641, -0.1410675995393959, -0.05598415363866243, -0.10806230738849276, -0.33280325827468865, 0.5337524871726095, -0.14600709871060533, -0.47849700911626936, -0.1534474453512897])
(0, '1154', [-0.1468720813469858, -0.6826784344631341, -0.2570665808902406, -0.5216009831581446, -0.1423136133929641, -0.1410675995393959, 0.20560103952321013, -0.10806230738849276, -0.33280325827468865, -0.19206309511009, -0.14600709871060533, -0.6880639111221588, -0.1534474453512897])
(0, '1162', [-0.1468720813469858, -0.6826784344631341, -0.2570665808902406, -0.5216009831581446, -0.1423136133929641, -0.1410675995393959, 0.6590153743371225, -0.10806230738849276, -0.33280325827468865, -0.19206309511009, -0.14600709871060533, -0.6880639111221588, -0.1534474453512897])
(0, '1164', [-0.1468720813469858, -0.4674155587519358, -0.2570665808902406, -0.5216009831581446, -0.1423136133929641, -0.1410675995393959, 0.15328400089083563, -0.10806230738849276, -0.33280325827468865, -0.19206309511009, -0.14600709871060533, -0.47849700911626936, -0.1534474453512897])
(0, '1165', [-0.1468720813469858, -0.4674155587519358, -0.2570665808902406, -0.5216009831581446, -0.1423136133929641, -0.1410675995393959, 0.34162533996738387, -0.10806230738849276, -0.33280325827468865, -0.19206309511009, -0.14600709871060533, -0.47849700911626936, -0.1534474453512897])
(0, '1180', [-0.1468720813469858, -0.6826784344631341, -0.2570665808902406, -0.5216009831581446, -0.1423136133929641, -0.1410675995393959, 0.3765033657223002, -0.10806230738849276, -0.33280325827468865, -0.19206309511009, -0.14600709871060533, -0.6880639111221588, -0.1534474453512897])
(0, '1191', [-0.1468720813469858, -0.4674155587519358, -0.2570665808902406, -0.5216009831581446, -0.1423136133929641, -0.1410675995393959, 0.26838148588205957, -0.10806230738849276, -0.33280325827468865, -0.19206309511009, -0.14600709871060533, -0.47849700911626936, -0.1534474453512897])
(0, '1198', [-0.1468720813469858, -0.6826784344631341, -0.2570665808902406, -0.5216009831581446, -0.1423136133929641, -0.1410675995393959, 0.8752591340176039, -0.10806230738849276, -0.33280325827468865, -0.19206309511009, -0.14600709871060533, -0.6880639111221588, -0.1534474453512897])
(0, '1199', [-0.1468720813469858, -0.25215268304073746, -0.2570665808902406, -0.5216009831581446, -0.1423136133929641, -0.1410675995393959, 0.8020152799322796, -0.10806230738849276, -0.33280325827468865, 0.5337524871726095, -0.14600709871060533, -0.26893010711037996, -0.1534474453512897])
(0, '1228', [-0.1468720813469858, -0.25215268304073746, -0.2570665808902406, -0.5216009831581446, -0.1423136133929641, -0.1410675995393959, 0.292796103910501, -0.10806230738849276, -0.33280325827468865, 0.5337524871726095, -0.14600709871060533, -0.05936320510449048, -0.1534474453512897])
(0, '1233', [-0.1468720813469858, -0.4674155587519358, -0.2570665808902406, -0.5216009831581446, -0.1423136133929641, -0.1410675995393959, 0.2788448936085345, -0.10806230738849276, -0.33280325827468865, 0.5337524871726095, -0.14600709871060533, -0.47849700911626936, -0.1534474453512897])
(0, '1244', [-0.1468720813469858, -0.25215268304073746, -0.2570665808902406, -0.5216009831581446, -0.1423136133929641, -0.1410675995393959, -0.0629597587896457, -0.10806230738849276, -0.33280325827468865, -0.19206309511009, -0.14600709871060533, -0.05936320510449048, -0.1534474453512897])
(0, '1251', [-0.1468720813469858, -0.6826784344631341, -0.2570665808902406, -0.5216009831581446, -0.1423136133929641, -0.1410675995393959, 0.749698241299905, -0.10806230738849276, -0.33280325827468865, -0.19206309511009, -0.14600709871060533, -0.6880639111221588, -0.1534474453512897])
(0, '1267', [-0.1468720813469858, -0.03688980732953918, -0.2570665808902406, -0.5216009831581446, -0.1423136133929641, -0.1410675995393959, 0.04167431847510333, -0.10806230738849276, -0.33280325827468865, -0.19206309511009, -0.14600709871060533, -0.05936320510449048, -0.1534474453512897])
(0, '1278', [-0.1468720813469858, -0.03688980732953918, -0.2570665808902406, -0.5216009831581446, -0.1423136133929641, -0.1410675995393959, -0.05947195621415406, -0.10806230738849276, -0.33280325827468865, -0.19206309511009, -0.14600709871060533, -0.05936320510449048, -0.1534474453512897])
(0, '1290', [-0.1468720813469858, -0.6826784344631341, -0.2570665808902406, -0.5216009831581446, -0.1423136133929641, -0.1410675995393959, 0.08701575195649458, -0.10806230738849276, -0.33280325827468865, -0.19206309511009, -0.14600709871060533, -0.6880639111221588, -0.1534474453512897])
(0, '1301', [-0.1468720813469858, -0.03688980732953918, -0.2570665808902406, -0.5216009831581446, -0.1423136133929641, -0.1410675995393959, 0.5718203099498317, -0.10806230738849276, -0.33280325827468865, 0.5337524871726095, -0.14600709871060533, -0.05936320510449048, -0.1534474453512897])
(0, '1311', [-0.1468720813469858, -0.25215268304073746, -0.2570665808902406, -0.5216009831581446, -0.1423136133929641, -0.1410675995393959, 0.01725970044666189, -0.10806230738849276, -0.33280325827468865, -0.19206309511009, -0.14600709871060533, -0.26893010711037996, -0.1534474453512897])
(0, '1319', [-0.1468720813469858, -0.25215268304073746, -0.2570665808902406, -0.5216009831581446, -0.1423136133929641, -0.1410675995393959, 0.5927471254027815, -0.10806230738849276, -0.33280325827468865, -0.19206309511009, -0.14600709871060533, -0.26893010711037996, -0.1534474453512897])
(0, '1330', [-0.1468720813469858, -0.25215268304073746, -0.2570665808902406, -0.5216009831581446, -0.1423136133929641, -0.1410675995393959, 0.49857645586450744, -0.10806230738849276, -0.33280325827468865, -0.19206309511009, -0.14600709871060533, -0.26893010711037996, -0.1534474453512897])
(0, '1339', [-0.1468720813469858, -0.4674155587519358, -0.2570665808902406, -0.5216009831581446, -0.1423136133929641, -0.1410675995393959, 0.25791807815558465, -0.10806230738849276, -0.33280325827468865, -0.19206309511009, -0.14600709871060533, -0.47849700911626936, -0.1534474453512897])
(0, '1347', [-0.1468720813469858, -0.4674155587519358, -0.2570665808902406, -0.5216009831581446, -0.1423136133929641, -0.1410675995393959, 0.5264788764684405, -0.10806230738849276, -0.33280325827468865, -0.19206309511009, -0.14600709871060533, -0.47849700911626936, -0.1534474453512897])
(0, '1348', [-0.1468720813469858, -0.25215268304073746, -0.2570665808902406, -0.5216009831581446, -0.1423136133929641, -0.1410675995393959, 0.10445476483395275, -0.10806230738849276, -0.33280325827468865, -0.19206309511009, -0.14600709871060533, -0.26893010711037996, -0.1534474453512897])
(0, '1394', [-0.1468720813469858, -0.4674155587519358, -0.2570665808902406, -0.5216009831581446, -0.1423136133929641, -0.1410675995393959, 0.732259228422447, -0.10806230738849276, -0.33280325827468865, -0.19206309511009, -0.14600709871060533, -0.47849700911626936, -0.1534474453512897])
(0, '1427', [-0.1468720813469858, -0.4674155587519358, -0.2570665808902406, -0.5216009831581446, -0.1423136133929641, -0.1410675995393959, 0.540430086770407, -0.10806230738849276, -0.33280325827468865, -0.9178786773927895, -0.14600709871060533, -0.47849700911626936, -0.1534474453512897])
(0, '1451', [-0.1468720813469858, -0.4674155587519358, -0.2570665808902406, -0.5216009831581446, -0.1423136133929641, -0.1410675995393959, 0.10096696225846111, -0.10806230738849276, -0.33280325827468865, -0.19206309511009, -0.14600709871060533, -0.47849700911626936, -0.1534474453512897])
(0, '1467', [-0.1468720813469858, 0.39363594409285746, -0.2570665808902406, -0.5216009831581446, -0.1423136133929641, -0.1410675995393959, 0.5892593228272899, -0.10806230738849276, -0.33280325827468865, -0.19206309511009, -0.14600709871060533, 0.3597705989072884, -0.1534474453512897])
(0, '1474', [-0.1468720813469858, -0.4674155587519358, -0.2570665808902406, -0.5216009831581446, -0.1423136133929641, -0.1410675995393959, -0.0629597587896457, -0.10806230738849276, -0.33280325827468865, 0.5337524871726095, -0.14600709871060533, -0.47849700911626936, -0.1534474453512897])
(0, '1482', [-0.1468720813469858, -0.03688980732953918, -0.2570665808902406, -0.5216009831581446, -0.1423136133929641, -0.1410675995393959, 0.43928381208114964, -0.10806230738849276, -0.33280325827468865, -0.19206309511009, -0.14600709871060533, -0.05936320510449048, -0.1534474453512897])
(0, '1506', [-0.1468720813469858, -0.4674155587519358, -0.2570665808902406, -0.5216009831581446, -0.1423136133929641, -0.1410675995393959, 0.435796009505658, -0.10806230738849276, -0.33280325827468865, -0.19206309511009, -0.14600709871060533, -0.47849700911626936, -0.1534474453512897])
(0, '1508', [-0.1468720813469858, -0.25215268304073746, -0.2570665808902406, -0.5216009831581446, -0.1423136133929641, -0.1410675995393959, 0.8159664902342462, -0.10806230738849276, -0.33280325827468865, -0.19206309511009, -0.14600709871060533, -0.26893010711037996, -0.1534474453512897])
(0, '1511', [-0.1468720813469858, -0.25215268304073746, -0.2570665808902406, -0.5216009831581446, -0.1423136133929641, -0.1410675995393959, 0.0695767390790364, -0.10806230738849276, -0.33280325827468865, -0.19206309511009, -0.14600709871060533, -0.26893010711037996, -0.1534474453512897])
(0, '1516', [-0.1468720813469858, -0.4674155587519358, -0.2570665808902406, -0.5216009831581446, -0.1423136133929641, -0.1410675995393959, 0.4288204043546747, -0.10806230738849276, -0.33280325827468865, -0.19206309511009, -0.14600709871060533, -0.47849700911626936, -0.1534474453512897])
(0, '1520', [-0.1468720813469858, -0.6826784344631341, -0.2570665808902406, -0.5216009831581446, -0.1423136133929641, -0.1410675995393959, 0.2125766446741934, -0.10806230738849276, -0.33280325827468865, -0.19206309511009, -0.14600709871060533, -0.6880639111221588, -0.1534474453512897])
(0, '1522', [-0.1468720813469858, 0.17837306838165914, -0.2570665808902406, -0.5216009831581446, -0.1423136133929641, -0.1410675995393959, 0.20211323694771852, -0.10806230738849276, -0.33280325827468865, -0.19206309511009, -0.14600709871060533, 0.15020369690139898, -0.1534474453512897])
(0, '1531', [-0.1468720813469858, 0.17837306838165914, -0.2570665808902406, -0.5216009831581446, -0.1423136133929641, -0.1410675995393959, 0.024235305597645158, -0.10806230738849276, -0.33280325827468865, -0.19206309511009, -0.14600709871060533, 0.15020369690139898, -0.1534474453512897])
(0, '1544', [-0.1468720813469858, -0.25215268304073746, -0.2570665808902406, -0.5216009831581446, -0.1423136133929641, -0.1410675995393959, 0.027723108173136793, -0.10806230738849276, -0.33280325827468865, 0.5337524871726095, -0.14600709871060533, -0.26893010711037996, -0.1534474453512897])
(0, '1562', [-0.1468720813469858, -0.25215268304073746, -0.2570665808902406, -0.5216009831581446, -0.1423136133929641, -0.1410675995393959, 0.5718203099498317, -0.10806230738849276, -0.33280325827468865, 0.5337524871726095, -0.14600709871060533, -0.26893010711037996, -0.1534474453512897])
(0, '1590', [-0.1468720813469858, -0.25215268304073746, -0.2570665808902406, -0.5216009831581446, -0.1423136133929641, -0.1410675995393959, 0.5892593228272899, -0.10806230738849276, -0.33280325827468865, -0.19206309511009, -0.14600709871060533, -0.26893010711037996, -0.1534474453512897])
(0, '1602', [-0.1468720813469858, -0.6826784344631341, -0.2570665808902406, -0.5216009831581446, -0.1423136133929641, -0.1410675995393959, 0.2509424730046014, -0.10806230738849276, -0.33280325827468865, -0.19206309511009, -0.14600709871060533, -0.6880639111221588, -0.1534474453512897])
(0, '1636', [-0.1468720813469858, -0.4674155587519358, -0.2570665808902406, -0.5216009831581446, -0.1423136133929641, -0.1410675995393959, 0.40789358890172495, -0.10806230738849276, -0.33280325827468865, -0.19206309511009, -0.14600709871060533, -0.26893010711037996, -0.1534474453512897])
(0, '1653', [-0.1468720813469858, -0.4674155587519358, -0.2570665808902406, -0.5216009831581446, -0.1423136133929641, -0.1410675995393959, 0.20560103952321013, -0.10806230738849276, -0.33280325827468865, -0.19206309511009, -0.14600709871060533, -0.47849700911626936, -0.1534474453512897])
(0, '1675', [-0.1468720813469858, -0.25215268304073746, -0.2570665808902406, -0.5216009831581446, -0.1423136133929641, -0.1410675995393959, 0.798527477356788, -0.10806230738849276, -0.33280325827468865, -0.19206309511009, -0.14600709871060533, -0.26893010711037996, -0.1534474453512897])
(0, '1697', [-0.1468720813469858, -0.4674155587519358, -0.2570665808902406, -0.5216009831581446, -0.1423136133929641, -0.1410675995393959, 0.0695767390790364, -0.10806230738849276, -0.33280325827468865, -0.19206309511009, -0.14600709871060533, -0.47849700911626936, -0.1534474453512897])
(0, '1712', [-0.1468720813469858, -0.25215268304073746, -0.2570665808902406, -0.5216009831581446, -0.1423136133929641, -0.1410675995393959, 0.006796292720186986, -0.10806230738849276, -0.33280325827468865, -0.19206309511009, -0.14600709871060533, -0.26893010711037996, -0.1534474453512897])
(0, '1719', [-0.1468720813469858, -0.4674155587519358, -0.2570665808902406, -0.5216009831581446, -0.1423136133929641, -0.1410675995393959, 0.7078446103940055, -0.10806230738849276, -0.33280325827468865, -0.19206309511009, -0.14600709871060533, -0.47849700911626936, -0.1534474453512897])
(0, '1723', [-0.1468720813469858, -0.03688980732953918, -0.2570665808902406, -0.5216009831581446, -0.1423136133929641, -0.1410675995393959, 0.7392348335734302, -0.10806230738849276, -0.33280325827468865, 0.5337524871726095, -0.14600709871060533, -0.05936320510449048, -0.1534474453512897])
(0, '1752', [-0.1468720813469858, -0.4674155587519358, -0.2570665808902406, -0.5216009831581446, -0.1423136133929641, -0.1410675995393959, 0.05562552877706987, -0.10806230738849276, -0.33280325827468865, -0.19206309511009, -0.14600709871060533, -0.47849700911626936, -0.1534474453512897])
(0, '1755', [-0.1468720813469858, -0.6826784344631341, -0.2570665808902406, -0.5216009831581446, -0.1423136133929641, -0.1410675995393959, 0.1288693828623942, -0.10806230738849276, -0.33280325827468865, -0.19206309511009, -0.14600709871060533, -0.6880639111221588, -0.1534474453512897])
(0, '1772', [-0.1468720813469858, -0.4674155587519358, -0.2570665808902406, -0.5216009831581446, -0.1423136133929641, -0.1410675995393959, 0.10445476483395275, -0.10806230738849276, -0.33280325827468865, -0.19206309511009, -0.14600709871060533, -0.47849700911626936, -0.1534474453512897])
(0, '1780', [-0.1468720813469858, 0.17837306838165914, -0.2570665808902406, -0.5216009831581446, -0.1423136133929641, -0.1410675995393959, 0.027723108173136793, -0.10806230738849276, -0.33280325827468865, -0.19206309511009, -0.14600709871060533, 0.15020369690139898, -0.1534474453512897])
(0, '1790', [-0.1468720813469858, -0.25215268304073746, -0.2570665808902406, -0.5216009831581446, -0.1423136133929641, -0.1410675995393959, 0.7845762670548214, -0.10806230738849276, -0.33280325827468865, -0.19206309511009, -0.14600709871060533, -0.26893010711037996, -0.1534474453512897])
(0, '1791', [-0.1468720813469858, -0.6826784344631341, -0.2570665808902406, -0.5216009831581446, -0.1423136133929641, -0.1410675995393959, 0.76016164902638, -0.10806230738849276, -0.33280325827468865, -0.9178786773927895, -0.14600709871060533, -0.47849700911626936, -0.1534474453512897])
(0, '1803', [-0.1468720813469858, -0.25215268304073746, -0.2570665808902406, -0.5216009831581446, -0.1423136133929641, -0.1410675995393959, 0.4881130481380325, -0.10806230738849276, -0.33280325827468865, 0.5337524871726095, -0.14600709871060533, -0.26893010711037996, -0.1534474453512897])
(0, '1884', [-0.1468720813469858, -0.4674155587519358, -0.2570665808902406, -0.5216009831581446, -0.1423136133929641, -0.1410675995393959, 0.09399135710747784, -0.10806230738849276, -0.33280325827468865, -0.19206309511009, -0.14600709871060533, -0.47849700911626936, -0.1534474453512897])
(0, '1889', [-0.1468720813469858, -0.6826784344631341, -0.2570665808902406, -0.5216009831581446, -0.1423136133929641, -0.1410675995393959, 0.6555275717616309, -0.10806230738849276, -0.33280325827468865, -0.19206309511009, -0.14600709871060533, -0.6880639111221588, -0.1534474453512897])
(0, '1919', [-0.1468720813469858, -0.6826784344631341, -0.2570665808902406, -0.5216009831581446, -0.1423136133929641, -0.1410675995393959, 0.3451131425428755, -0.10806230738849276, -0.33280325827468865, -0.19206309511009, -0.14600709871060533, -0.6880639111221588, -0.1534474453512897])
(0, '1983', [-0.1468720813469858, -0.25215268304073746, -0.2570665808902406, -0.5216009831581446, -0.1423136133929641, -0.1410675995393959, 0.46369843010959105, -0.10806230738849276, -0.33280325827468865, 0.5337524871726095, -0.14600709871060533, -0.26893010711037996, -0.1534474453512897])
(0, '1992', [-0.1468720813469858, -0.25215268304073746, -0.2570665808902406, -0.5216009831581446, -0.1423136133929641, -0.1410675995393959, 0.6694787820635975, -0.10806230738849276, -0.33280325827468865, -0.19206309511009, -0.14600709871060533, -0.26893010711037996, -0.1534474453512897])
