(0, '27', [-0.1468720813469858, -0.25215268304073746, -0.2570665808902406, -0.5216009831581446, -0.1423136133929641, -0.1410675995393959, 0.027723108173136793, -0.10806230738849276, -0.33280325827468865, 0.5337524871726095, -0.14600709871060533, -0.26893010711037996, -0.1534474453512897])
(0, '84', [-0.1468720813469858, -0.25215268304073746, -0.2570665808902406, -0.5216009831581446, -0.1423136133929641, -0.1410675995393959, 0.0486499236260866, -0.10806230738849276, -0.33280325827468865, -0.19206309511009, -0.14600709871060533, -0.26893010711037996, -0.1534474453512897])
(0, '115', [-0.1468720813469858, 0.17837306838165914, -0.2570665808902406, -0.5216009831581446, -0.1423136133929641, -0.1410675995393959, 0.06608893650354476, -0.10806230738849276, -0.33280325827468865, -0.19206309511009, -0.14600709871060533, 0.15020369690139898, -0.1534474453512897])
(0, '119', [-0.1468720813469858, -0.25215268304073746, -0.2570665808902406, -0.5216009831581446, -0.1423136133929641, -0.1410675995393959, 0.48113744298704925, -0.10806230738849276, -0.33280325827468865, -0.19206309511009, -0.14600709871060533, -0.26893010711037996, -0.1534474453512897])
(0, '121', [-0.1468720813469858, -0.4674155587519358, -0.2570665808902406, -0.5216009831581446, -0.1423136133929641, -0.1410675995393959, 0.39743018117525003, -0.10806230738849276, -0.33280325827468865, -0.19206309511009, -0.14600709871060533, -0.47849700911626936, -0.1534474453512897])
(0, '125', [-0.1468720813469858, -0.4674155587519358, -0.2570665808902406, -0.5216009831581446, -0.1423136133929641, -0.1410675995393959, -0.11527679742202021, -0.10806230738849276, -0.33280325827468865, 0.5337524871726095, -0.14600709871060533, -0.47849700911626936, -0.1534474453512897])
(0, '145', [-0.1468720813469858, -0.4674155587519358, -0.2570665808902406, -0.5216009831581446, -0.1423136133929641, -0.1410675995393959, 0.254430275580093, -0.10806230738849276, -0.33280325827468865, -0.19206309511009, -0.14600709871060533, -0.47849700911626936, -0.1534474453512897])
(0, '165', [-0.1468720813469858, -0.25215268304073746, -0.2570665808902406, -0.5216009831581446, -0.1423136133929641, -0.1410675995393959, 0.2788448936085345, -0.10806230738849276, -0.33280325827468865, 0.5337524871726095, -0.14600709871060533, -0.26893010711037996, -0.1534474453512897])
(0, '170', [-0.1468720813469858, -0.4674155587519358, -0.2570665808902406, -0.5216009831581446, -0.1423136133929641, -0.1410675995393959, 0.12189377771141091, -0.10806230738849276, -0.33280325827468865, 0.5337524871726095, -0.14600709871060533, -0.47849700911626936, -0.1534474453512897])
(0, '171', [-0.1468720813469858, -0.03688980732953918, -0.2570665808902406, -0.5216009831581446, -0.1423136133929641, -0.1410675995393959, 0.031210910748628425, -0.10806230738849276, -0.33280325827468865, -0.19206309511009, -0.14600709871060533, 0.15020369690139898, -0.1534474453512897])
(0, '182', [-0.1468720813469858, -0.03688980732953918, -0.2570665808902406, -0.5216009831581446, -0.1423136133929641, -0.1410675995393959, 0.21606444724968504, -0.10806230738849276, -0.33280325827468865, -0.19206309511009, -0.14600709871060533, -0.05936320510449048, -0.1534474453512897])
(0, '225', [-0.1468720813469858, -0.25215268304073746, -0.2570665808902406, -0.5216009831581446, -0.1423136133929641, -0.1410675995393959, 0.33116193224090895, -0.10806230738849276, -0.33280325827468865, 0.5337524871726095, -0.14600709871060533, -0.05936320510449048, -0.1534474453512897])
(0, '251', [-0.1468720813469858, -0.6826784344631341, -0.2570665808902406, -0.5216009831581446, -0.1423136133929641, -0.1410675995393959, 0.1288693828623942, -0.10806230738849276, -0.33280325827468865, -0.19206309511009, -0.14600709871060533, -0.6880639111221588, -0.1534474453512897])
(0, '278', [-0.1468720813469858, 0.17837306838165914, -0.2570665808902406, -0.5216009831581446, -0.1423136133929641, -0.1410675995393959, 0.6380885588841728, -0.10806230738849276, -0.33280325827468865, -0.19206309511009, -0.14600709871060533, 0.15020369690139898, -0.1534474453512897])
(0, '284', [-0.1468720813469858, -0.25215268304073746, -0.2570665808902406, -0.5216009831581446, -0.1423136133929641, -0.1410675995393959, 0.0695767390790364, -0.10806230738849276, -0.33280325827468865, -0.19206309511009, -0.14600709871060533, -0.26893010711037996, -0.1534474453512897])
(0, '338', [-0.1468720813469858, -0.4674155587519358, -0.2570665808902406, -0.5216009831581446, -0.1423136133929641, -0.1410675995393959, -0.0629597587896457, -0.10806230738849276, -0.33280325827468865, 0.5337524871726095, -0.14600709871060533, -0.47849700911626936, -0.1534474453512897])
(0, '340', [-0.1468720813469858, -0.6826784344631341, -0.2570665808902406, -0.5216009831581446, -0.1423136133929641, -0.1410675995393959, 0.6206495460067146, -0.10806230738849276, -0.33280325827468865, -0.19206309511009, -0.14600709871060533, -0.6880639111221588, -0.1534474453512897])
(0, '363', [-0.1468720813469858, -0.03688980732953918, -0.2570665808902406, -0.5216009831581446, -0.1423136133929641, -0.1410675995393959, 0.3939423785997584, -0.10806230738849276, -0.33280325827468865, -0.19206309511009, -0.14600709871060533, -0.05936320510449048, -0.1534474453512897])
(0, '367', [-0.1468720813469858, -0.4674155587519358, -0.2570665808902406, -0.5216009831581446, -0.1423136133929641, -0.1410675995393959, 0.03469871332412006, -0.10806230738849276, -0.33280325827468865, -0.19206309511009, -0.14600709871060533, -0.47849700911626936, -0.1534474453512897])
(0, '375', [-0.1468720813469858, -0.03688980732953918, -0.2570665808902406, -0.5216009831581446, -0.1423136133929641, -0.1410675995393959, 0.40091798375074167, -0.10806230738849276, -0.33280325827468865, -0.19206309511009, -0.14600709871060533, -0.05936320510449048, -0.1534474453512897])
(0, '390', [-0.1468720813469858, -0.25215268304073746, -0.2570665808902406, -0.5216009831581446, -0.1423136133929641, -0.1410675995393959, 0.6694787820635975, -0.10806230738849276, -0.33280325827468865, -0.19206309511009, -0.14600709871060533, -0.26893010711037996, -0.1534474453512897])
(0, '393', [-0.1468720813469858, 0.17837306838165914, -0.2570665808902406, -0.5216009831581446, -0.1423136133929641, -0.1410675995393959, 0.21606444724968504, -0.10806230738849276, -0.33280325827468865, -0.19206309511009, -0.14600709871060533, 0.15020369690139898, -0.1534474453512897])
(0, '403', [-0.1468720813469858, -0.6826784344631341, -0.2570665808902406, -0.5216009831581446, -0.1423136133929641, -0.1410675995393959, 0.05213772620157823, -0.10806230738849276, -0.33280325827468865, -0.19206309511009, -0.14600709871060533, -0.6880639111221588, -0.1534474453512897])
(0, '413', [-0.1468720813469858, -0.25215268304073746, -0.2570665808902406, -0.5216009831581446, -0.1423136133929641, -0.1410675995393959, 0.0486499236260866, -0.10806230738849276, -0.33280325827468865, -0.19206309511009, -0.14600709871060533, -0.26893010711037996, -0.1534474453512897])
(0, '415', [-0.1468720813469858, -0.4674155587519358, -0.2570665808902406, -0.5216009831581446, -0.1423136133929641, -0.1410675995393959, 0.6450641640351561, -0.10806230738849276, -0.33280325827468865, -0.19206309511009, -0.14600709871060533, -0.47849700911626936, -0.1534474453512897])
(0, '417', [-0.1468720813469858, -0.6826784344631341, -0.2570665808902406, -0.5216009831581446, -0.1423136133929641, -0.1410675995393959, 0.7706250567528549, -0.10806230738849276, -0.33280325827468865, -0.19206309511009, -0.14600709871060533, -0.6880639111221588, -0.1534474453512897])
(0, '462', [-0.1468720813469858, -0.25215268304073746, -0.2570665808902406, -0.5216009831581446, -0.1423136133929641, -0.1410675995393959, 0.14282059316436072, -0.10806230738849276, -0.33280325827468865, 0.5337524871726095, -0.14600709871060533, -0.26893010711037996, -0.1534474453512897])
(0, '469', [-0.1468720813469858, -0.6826784344631341, -0.2570665808902406, -0.5216009831581446, -0.1423136133929641, -0.1410675995393959, 0.7880640696303131, -0.10806230738849276, -0.33280325827468865, -0.19206309511009, -0.14600709871060533, -0.6880639111221588, -0.1534474453512897])
(0, '496', [-0.1468720813469858, -0.6826784344631341, -0.2570665808902406, -0.5216009831581446, -0.1423136133929641, -0.1410675995393959, 0.34162533996738387, -0.10806230738849276, -0.33280325827468865, -0.19206309511009, -0.14600709871060533, -0.6880639111221588, -0.1534474453512897])
(0, '499', [-0.1468720813469858, -0.4674155587519358, -0.2570665808902406, -0.5216009831581446, -0.1423136133929641, -0.1410675995393959, 0.07655234423001968, -0.10806230738849276, -0.33280325827468865, -0.19206309511009, -0.14600709871060533, -0.47849700911626936, -0.1534474453512897])
(0, '504', [-0.1468720813469858, -0.03688980732953918, -0.2570665808902406, -0.5216009831581446, -0.1423136133929641, -0.1410675995393959, 0.4462594172321329, -0.10806230738849276, -0.33280325827468865, -0.19206309511009, -0.14600709871060533, -0.05936320510449048, -0.1534474453512897])
(0, '511', [-0.1468720813469858, -0.25215268304073746, -0.2570665808902406, -0.5216009831581446, -0.1423136133929641, -0.1410675995393959, -0.03854514076120426, -0.10806230738849276, -0.33280325827468865, -0.19206309511009, -0.14600709871060533, -0.26893010711037996, -0.1534474453512897])
(0, '523', [-0.1468720813469858, -0.03688980732953918, -0.2570665808902406, -0.5216009831581446, -0.1423136133929641, -0.1410675995393959, -0.028081733034729356, -0.10806230738849276, -0.33280325827468865, -0.19206309511009, -0.14600709871060533, -0.05936320510449048, -0.1534474453512897])
(0, '524', [-0.1468720813469858, -0.4674155587519358, -0.2570665808902406, -0.5216009831581446, -0.1423136133929641, -0.1410675995393959, 0.40789358890172495, -0.10806230738849276, -0.33280325827468865, -0.19206309511009, -0.14600709871060533, -0.47849700911626936, -0.1534474453512897])
(0, '530', [-0.1468720813469858, -0.4674155587519358, -0.2570665808902406, -0.5216009831581446, -0.1423136133929641, -0.1410675995393959, 0.12538158028690255, -0.10806230738849276, -0.33280325827468865, -0.19206309511009, -0.14600709871060533, -0.47849700911626936, -0.1534474453512897])
(0, '568', [-0.1468720813469858, -0.25215268304073746, -0.2570665808902406, -0.5216009831581446, -0.1423136133929641, -0.1410675995393959, 0.33116193224090895, -0.10806230738849276, -0.33280325827468865, -0.19206309511009, -0.14600709871060533, -0.26893010711037996, -0.1534474453512897])
(0, '636', [-0.1468720813469858, -0.25215268304073746, -0.2570665808902406, -0.5216009831581446, -0.1423136133929641, -0.1410675995393959, -0.028081733034729356, -0.10806230738849276, -0.33280325827468865, -0.19206309511009, -0.14600709871060533, -0.26893010711037996, -0.1534474453512897])
(0, '643', [-0.1468720813469858, -0.4674155587519358, -0.2570665808902406, -0.5216009831581446, -0.1423136133929641, -0.1410675995393959, 0.24396686785361812, -0.10806230738849276, -0.33280325827468865, -0.19206309511009, -0.14600709871060533, -0.47849700911626936, -0.1534474453512897])
(0, '656', [-0.1468720813469858, -0.4674155587519358, -0.2570665808902406, -0.5216009831581446, -0.1423136133929641, -0.1410675995393959, 0.6346007563086812, -0.10806230738849276, -0.33280325827468865, -0.19206309511009, -0.14600709871060533, -0.47849700911626936, -0.1534474453512897])
(0, '658', [-0.1468720813469858, -0.4674155587519358, -0.2570665808902406, -0.5216009831581446, -0.1423136133929641, -0.1410675995393959, 0.8194542928097378, -0.10806230738849276, -0.33280325827468865, -0.19206309511009, -0.14600709871060533, -0.47849700911626936, -0.1534474453512897])
(0, '662', [-0.1468720813469858, -0.03688980732953918, -0.2570665808902406, -0.5216009831581446, -0.1423136133929641, -0.1410675995393959, 0.6066983357047481, -0.10806230738849276, -0.33280325827468865, 0.5337524871726095, -0.14600709871060533, -0.05936320510449048, -0.1534474453512897])
(0, '670', [-0.1468720813469858, -0.4674155587519358, -0.2570665808902406, -0.5216009831581446, -0.1423136133929641, -0.1410675995393959, 0.39743018117525003, -0.10806230738849276, -0.33280325827468865, -0.19206309511009, -0.14600709871060533, -0.47849700911626936, -0.1534474453512897])
(0, '671', [-0.1468720813469858, -0.4674155587519358, -0.2570665808902406, -0.5216009831581446, -0.1423136133929641, -0.1410675995393959, 0.6101861382802397, -0.10806230738849276, -0.33280325827468865, -0.19206309511009, -0.14600709871060533, -0.47849700911626936, -0.1534474453512897])
(0, '686', [-0.1468720813469858, 0.17837306838165914, -0.2570665808902406, -0.5216009831581446, -0.1423136133929641, -0.1410675995393959, 0.6136739408557313, -0.10806230738849276, -0.33280325827468865, -0.19206309511009, -0.14600709871060533, 0.15020369690139898, -0.1534474453512897])
(0, '705', [-0.1468720813469858, -0.4674155587519358, -0.2570665808902406, -0.5216009831581446, -0.1423136133929641, -0.1410675995393959, 0.06608893650354476, -0.10806230738849276, -0.33280325827468865, -0.19206309511009, -0.14600709871060533, -0.47849700911626936, -0.1534474453512897])
(0, '714', [-0.1468720813469858, -0.6826784344631341, -0.2570665808902406, -0.5216009831581446, -0.1423136133929641, -0.1410675995393959, 0.3765033657223002, -0.10806230738849276, -0.33280325827468865, -0.19206309511009, -0.14600709871060533, -0.6880639111221588, -0.1534474453512897])
(0, '743', [-0.1468720813469858, -0.4674155587519358, -0.2570665808902406, -0.5216009831581446, -0.1423136133929641, -0.1410675995393959, 0.617161743431223, -0.10806230738849276, -0.33280325827468865, -0.19206309511009, -0.14600709871060533, -0.47849700911626936, -0.1534474453512897])
(0, '761', [-0.1468720813469858, -0.25215268304073746, -0.2570665808902406, -0.5216009831581446, -0.1423136133929641, -0.1410675995393959, 0.19513763179673524, -0.10806230738849276, -0.33280325827468865, -0.19206309511009, -0.14600709871060533, -0.26893010711037996, -0.1534474453512897])
(0, '765', [-0.1468720813469858, 0.17837306838165914, -0.2570665808902406, -0.5216009831581446, -0.1423136133929641, -0.1410675995393959, 0.7043568078185138, -0.10806230738849276, -0.33280325827468865, -0.19206309511009, -0.14600709871060533, 0.15020369690139898, -0.1534474453512897])
(0, '776', [-0.1468720813469858, -0.4674155587519358, -0.2570665808902406, -0.5216009831581446, -0.1423136133929641, -0.1410675995393959, 0.21955224982517668, -0.10806230738849276, -0.33280325827468865, -0.19206309511009, -0.14600709871060533, -0.47849700911626936, -0.1534474453512897])
(0, '784', [-0.1468720813469858, -0.25215268304073746, -0.2570665808902406, -0.5216009831581446, -0.1423136133929641, -0.1410675995393959, -0.0524963510631708, -0.10806230738849276, -0.33280325827468865, -0.19206309511009, -0.14600709871060533, -0.26893010711037996, -0.1534474453512897])
(0, '799', [-0.1468720813469858, -0.25215268304073746, -0.2570665808902406, -0.5216009831581446, -0.1423136133929641, -0.1410675995393959, 0.3137229193634508, -0.10806230738849276, -0.33280325827468865, 0.5337524871726095, -0.14600709871060533, -0.26893010711037996, -0.1534474453512897])
(0, '804', [-0.1468720813469858, -0.4674155587519358, -0.2570665808902406, -0.5216009831581446, -0.1423136133929641, -0.1410675995393959, -0.05598415363866243, -0.10806230738849276, -0.33280325827468865, 0.5337524871726095, -0.14600709871060533, -0.47849700911626936, -0.1534474453512897])
(0, '805', [-0.1468720813469858, -0.03688980732953918, -0.2570665808902406, -0.5216009831581446, -0.1423136133929641, -0.1410675995393959, 0.006796292720186986, -0.10806230738849276, -0.33280325827468865, -0.19206309511009, -0.14600709871060533, -0.05936320510449048, -0.1534474453512897])
(0, '821', [-0.1468720813469858, -0.6826784344631341, -0.2570665808902406, -0.5216009831581446, -0.1423136133929641, -0.1410675995393959, 0.13584498801337747, -0.10806230738849276, -0.33280325827468865, -0.19206309511009, -0.14600709871060533, -0.6880639111221588, -0.1534474453512897])
(0, '822', [-0.1468720813469858, -0.25215268304073746, -0.2570665808902406, -0.5216009831581446, -0.1423136133929641, -0.1410675995393959, 0.33813753739189223, -0.10806230738849276, -0.33280325827468865, 0.5337524871726095, -0.14600709871060533, -0.26893010711037996, -0.1534474453512897])
(0, '863', [-0.1468720813469858, -0.25215268304073746, -0.2570665808902406, -0.5216009831581446, -0.1423136133929641, -0.1410675995393959, 0.0486499236260866, -0.10806230738849276, -0.33280325827468865, -0.19206309511009, -0.14600709871060533, -0.26893010711037996, -0.1534474453512897])
(0, '875', [-0.1468720813469858, -0.25215268304073746, -0.2570665808902406, -0.5216009831581446, -0.1423136133929641, -0.1410675995393959, 0.027723108173136793, -0.10806230738849276, -0.33280325827468865, -0.19206309511009, -0.14600709871060533, -0.26893010711037996, -0.1534474453512897])
(0, '876', [-0.1468720813469858, -0.03688980732953918, -0.2570665808902406, -0.5216009831581446, -0.1423136133929641, -0.1410675995393959, 0.11143036998493601, -0.10806230738849276, -0.33280325827468865, -0.19206309511009, -0.14600709871060533, 0.15020369690139898, -0.1534474453512897])
(0, '879', [-0.1468720813469858, -0.4674155587519358, -0.2570665808902406, -0.5216009831581446, -0.1423136133929641, -0.1410675995393959, -0.09086217939357877, -0.10806230738849276, -0.33280325827468865, 0.5337524871726095, -0.14600709871060533, -0.47849700911626936, -0.1534474453512897])
(0, '881', [-0.1468720813469858, -0.6826784344631341, -0.2570665808902406, -0.5216009831581446, -0.1423136133929641, -0.1410675995393959, 0.4567228249586078, -0.10806230738849276, -0.33280325827468865, -0.19206309511009, -0.14600709871060533, -0.6880639111221588, -0.1534474453512897])
(0, '898', [-0.1468720813469858, -0.03688980732953918, -0.2570665808902406, -0.5216009831581446, -0.1423136133929641, -0.1410675995393959, 0.37301556314680856, -0.10806230738849276, -0.33280325827468865, -0.19206309511009, -0.14600709871060533, -0.05936320510449048, -0.1534474453512897])
(0, '904', [-0.1468720813469858, -0.4674155587519358, -0.2570665808902406, -0.5216009831581446, -0.1423136133929641, -0.1410675995393959, 0.40789358890172495, -0.10806230738849276, -0.33280325827468865, 0.5337524871726095, -0.14600709871060533, -0.47849700911626936, -0.1534474453512897])
(0, '916', [-0.1468720813469858, -0.25215268304073746, -0.2570665808902406, -0.5216009831581446, -0.1423136133929641, -0.1410675995393959, 0.6520397691861394, -0.10806230738849276, -0.33280325827468865, -0.19206309511009, -0.14600709871060533, -0.26893010711037996, -0.1534474453512897])
(0, '939', [-0.1468720813469858, -0.25215268304073746, -0.2570665808902406, -0.5216009831581446, -0.1423136133929641, -0.1410675995393959, 0.09399135710747784, -0.10806230738849276, -0.33280325827468865, -0.19206309511009, -0.14600709871060533, -0.26893010711037996, -0.1534474453512897])
(0, '950', [-0.1468720813469858, -0.6826784344631341, -0.2570665808902406, -0.5216009831581446, -0.1423136133929641, -0.1410675995393959, 0.7427226361489218, -0.10806230738849276, -0.33280325827468865, -0.9178786773927895, -0.14600709871060533, -0.6880639111221588, -0.1534474453512897])
(0, '991', [-0.1468720813469858, -0.25215268304073746, -0.2570665808902406, -0.5216009831581446, -0.1423136133929641, -0.1410675995393959, 0.4950886532890158, -0.10806230738849276, -0.33280325827468865, 0.5337524871726095, -0.14600709871060533, -0.26893010711037996, -0.1534474453512897])
(0, '994', [-0.1468720813469858, -0.4674155587519358, -0.2570665808902406, -0.5216009831581446, -0.1423136133929641, -0.1410675995393959, 0.5195032713174572, -0.10806230738849276, -0.33280325827468865, -0.19206309511009, -0.14600709871060533, -0.47849700911626936, -0.1534474453512897])
(0, '996', [-0.1468720813469858, -0.03688980732953918, -0.2570665808902406, -0.5216009831581446, -0.1423136133929641, -0.1410675995393959, 0.07655234423001968, -0.10806230738849276, -0.33280325827468865, -0.19206309511009, -0.14600709871060533, -0.05936320510449048, -0.1534474453512897])
(0, '1021', [-0.1468720813469858, -0.4674155587519358, -0.2570665808902406, -0.5216009831581446, -0.1423136133929641, -0.1410675995393959, 0.2509424730046014, -0.10806230738849276, -0.33280325827468865, -0.19206309511009, -0.14600709871060533, -0.26893010711037996, -0.1534474453512897])
