(0, '2', [-0.1468720813469858, -0.25215268304073746, -0.2570665808902406, -0.5216009831581446, -0.1423136133929641, -0.1410675995393959, -0.5477643167829829, -0.10806230738849276, -0.33280325827468865, -0.19206309511009, -0.14600709871060533, -0.26893010711037996, -0.1534474453512897])
(0, '5', [-0.1468720813469858, -0.25215268304073746, -0.2570665808902406, -0.5216009831581446, -0.1423136133929641, -0.1410675995393959, -0.12922800772398674, -0.10806230738849276, -0.33280325827468865, -0.19206309511009, -0.14600709871060533, -0.26893010711037996, -0.1534474453512897])
(0, '31', [-0.1468720813469858, -0.25215268304073746, -0.2570665808902406, -0.5216009831581446, -0.1423136133929641, -0.1410675995393959, -0.3105937416495517, -0.10806230738849276, -0.33280325827468865, -0.19206309511009, -0.14600709871060533, -0.26893010711037996, -0.1534474453512897])
(0, '34', [-0.1468720813469858, -0.25215268304073746, -0.2570665808902406, -0.5216009831581446, -0.1423136133929641, -0.1410675995393959, -0.3419839648289764, -0.10806230738849276, -0.33280325827468865, -0.19206309511009, -0.14600709871060533, -0.26893010711037996, -0.1534474453512897])
(0, '85', [-0.1468720813469858, -0.25215268304073746, -0.2570665808902406, -0.5216009831581446, -0.1423136133929641, -0.1410675995393959, -0.5093984884525748, -0.10806230738849276, -0.33280325827468865, -0.19206309511009, -0.14600709871060533, -0.26893010711037996, -0.1534474453512897])
(0, '97', [-0.1468720813469858, -0.25215268304073746, -0.2570665808902406, -0.5216009831581446, -0.1423136133929641, -0.1410675995393959, -0.6349593811702737, -0.10806230738849276, -0.33280325827468865, -0.19206309511009, -0.14600709871060533, -0.26893010711037996, -0.1534474453512897])
(0, '128', [-0.1468720813469858, -0.03688980732953918, -0.2570665808902406, -0.5216009831581446, -0.1423136133929641, -0.1410675995393959, -0.27920351847012703, -0.10806230738849276, -0.33280325827468865, -0.19206309511009, -0.14600709871060533, -0.05936320510449048, -0.1534474453512897])
(0, '219', [-0.1468720813469858, -0.25215268304073746, -0.2570665808902406, -0.5216009831581446, -0.1423136133929641, -0.1410675995393959, -0.33152055710250156, -0.10806230738849276, -0.33280325827468865, -0.19206309511009, -0.14600709871060533, -0.26893010711037996, -0.1534474453512897])
(0, '229', [-0.1468720813469858, -0.03688980732953918, -0.2570665808902406, -0.5216009831581446, -0.1423136133929641, -0.1410675995393959, -0.27920351847012703, -0.10806230738849276, -0.33280325827468865, -0.19206309511009, -0.14600709871060533, -0.05936320510449048, -0.1534474453512897])
(0, '230', [-0.1468720813469858, -0.25215268304073746, -0.2570665808902406, -0.5216009831581446, -0.1423136133929641, -0.1410675995393959, -0.23037428241324415, -0.10806230738849276, -0.33280325827468865, -0.19206309511009, -0.14600709871060533, -0.26893010711037996, -0.1534474453512897])
(0, '235', [-0.1468720813469858, -0.25215268304073746, -0.2570665808902406, -0.5216009831581446, -0.1423136133929641, -0.1410675995393959, -0.20247186180931107, -0.10806230738849276, -0.33280325827468865, -0.19206309511009, -0.14600709871060533, -0.05936320510449048, -0.1534474453512897])
(0, '274', [-0.1468720813469858, -0.25215268304073746, -0.2570665808902406, -0.5216009831581446, -0.1423136133929641, -0.1410675995393959, -0.7674958790389558, -0.10806230738849276, -0.33280325827468865, -0.19206309511009, -0.14600709871060533, -0.26893010711037996, -0.1534474453512897])
(0, '290', [-0.1468720813469858, -0.25215268304073746, -0.2570665808902406, -0.5216009831581446, -0.1423136133929641, -0.1410675995393959, -0.6384471837457654, -0.10806230738849276, -0.33280325827468865, -0.19206309511009, -0.14600709871060533, -0.26893010711037996, -0.1534474453512897])
(0, '295', [-0.1468720813469858, -0.25215268304073746, -0.2570665808902406, -0.5216009831581446, -0.1423136133929641, -0.1410675995393959, -0.6628618017742068, -0.10806230738849276, -0.33280325827468865, -0.19206309511009, -0.14600709871060533, -0.26893010711037996, -0.1534474453512897])
(0, '298', [-0.1468720813469858, -0.25215268304073746, -0.2570665808902406, -0.5216009831581446, -0.1423136133929641, -0.1410675995393959, -0.13969141545046165, -0.10806230738849276, -0.33280325827468865, -0.19206309511009, -0.14600709871060533, -0.26893010711037996, -0.1534474453512897])
(0, '374', [-0.1468720813469858, -0.25215268304073746, -0.2570665808902406, -0.5216009831581446, -0.1423136133929641, -0.1410675995393959, -0.7012276301046148, -0.10806230738849276, -0.33280325827468865, -0.19206309511009, -0.14600709871060533, -0.26893010711037996, -0.1534474453512897])
(0, '386', [-0.1468720813469858, -0.03688980732953918, -0.2570665808902406, -0.5216009831581446, -0.1423136133929641, -0.1410675995393959, -0.1954962566583278, -0.10806230738849276, -0.33280325827468865, -0.19206309511009, -0.14600709871060533, -0.05936320510449048, -0.1534474453512897])
(0, '424', [-0.1468720813469858, -0.03688980732953918, -0.2570665808902406, -0.5216009831581446, -0.1423136133929641, -0.1410675995393959, -0.30361813649856845, -0.10806230738849276, -0.33280325827468865, -0.19206309511009, -0.14600709871060533, 0.15020369690139898, -0.1534474453512897])
(0, '425', [-0.1468720813469858, 0.17837306838165914, -0.2570665808902406, -0.5216009831581446, -0.1423136133929641, -0.1410675995393959, -0.2478132952907023, -0.10806230738849276, -0.33280325827468865, -0.19206309511009, -0.14600709871060533, 0.15020369690139898, -0.1534474453512897])
(0, '434', [-0.1468720813469858, -0.03688980732953918, -0.2570665808902406, -0.5216009831581446, -0.1423136133929641, -0.1410675995393959, -0.15713042832791982, -0.10806230738849276, -0.33280325827468865, -0.19206309511009, -0.14600709871060533, -0.05936320510449048, -0.1534474453512897])
(0, '449', [-0.1468720813469858, -0.03688980732953918, -0.2570665808902406, -0.5216009831581446, -0.1423136133929641, -0.1410675995393959, -0.4326668317917589, -0.10806230738849276, -0.33280325827468865, -0.19206309511009, -0.14600709871060533, -0.05936320510449048, -0.1534474453512897])
(0, '457', [-0.1468720813469858, -0.25215268304073746, -0.2570665808902406, -0.5216009831581446, -0.1423136133929641, -0.1410675995393959, -0.5477643167829829, -0.10806230738849276, -0.33280325827468865, -0.19206309511009, -0.14600709871060533, -0.26893010711037996, -0.1534474453512897])
(0, '461', [-0.1468720813469858, -0.03688980732953918, -0.2570665808902406, -0.5216009831581446, -0.1423136133929641, -0.1410675995393959, -0.6663496043496984, -0.10806230738849276, -0.33280325827468865, -0.19206309511009, -0.14600709871060533, -0.05936320510449048, -0.1534474453512897])
(0, '483', [-0.1468720813469858, -0.25215268304073746, -0.2570665808902406, -0.5216009831581446, -0.1423136133929641, -0.1410675995393959, -0.24432549271521067, -0.10806230738849276, -0.33280325827468865, -0.19206309511009, -0.14600709871060533, -0.26893010711037996, -0.1534474453512897])
(0, '495', [-0.1468720813469858, -0.25215268304073746, -0.2570665808902406, -0.5216009831581446, -0.1423136133929641, -0.1410675995393959, -0.7884226944919056, -0.10806230738849276, -0.33280325827468865, -0.19206309511009, -0.14600709871060533, -0.26893010711037996, -0.1534474453512897])
(0, '501', [-0.1468720813469858, -0.25215268304073746, -0.2570665808902406, -0.5216009831581446, -0.1423136133929641, -0.1410675995393959, -0.3071059390740601, -0.10806230738849276, -0.33280325827468865, -0.19206309511009, -0.14600709871060533, -0.26893010711037996, -0.1534474453512897])
(0, '517', [-0.1468720813469858, -0.03688980732953918, -0.2570665808902406, -0.5216009831581446, -0.1423136133929641, -0.1410675995393959, -0.5512521193584745, -0.10806230738849276, -0.33280325827468865, -0.19206309511009, -0.14600709871060533, -0.05936320510449048, -0.1534474453512897])
(0, '603', [-0.1468720813469858, -0.25215268304073746, -0.2570665808902406, -0.5216009831581446, -0.1423136133929641, -0.1410675995393959, -0.6175203682928155, -0.10806230738849276, -0.33280325827468865, -0.19206309511009, -0.14600709871060533, -0.26893010711037996, -0.1534474453512897])
(0, '612', [-0.1468720813469858, -0.25215268304073746, -0.2570665808902406, -0.5216009831581446, -0.1423136133929641, -0.1410675995393959, -0.19898405923381943, -0.10806230738849276, -0.33280325827468865, -0.19206309511009, -0.14600709871060533, -0.26893010711037996, -0.1534474453512897])
(0, '628', [-0.1468720813469858, -0.03688980732953918, -0.2570665808902406, -0.5216009831581446, -0.1423136133929641, -0.1410675995393959, -0.2059596643848027, -0.10806230738849276, -0.33280325827468865, -0.19206309511009, -0.14600709871060533, -0.05936320510449048, -0.1534474453512897])
(0, '638', [-0.1468720813469858, -0.25215268304073746, -0.2570665808902406, -0.5216009831581446, -0.1423136133929641, -0.1410675995393959, -0.6942520249536315, -0.10806230738849276, -0.33280325827468865, -0.19206309511009, -0.14600709871060533, -0.26893010711037996, -0.1534474453512897])
(0, '661', [-0.1468720813469858, -0.03688980732953918, -0.2570665808902406, -0.5216009831581446, -0.1423136133929641, -0.1410675995393959, -0.3768619905838928, -0.10806230738849276, -0.33280325827468865, -0.19206309511009, -0.14600709871060533, -0.05936320510449048, -0.1534474453512897])
(0, '683', [-0.1468720813469858, -0.25215268304073746, -0.2570665808902406, -0.5216009831581446, -0.1423136133929641, -0.1410675995393959, -0.16759383605439473, -0.10806230738849276, -0.33280325827468865, -0.19206309511009, -0.14600709871060533, -0.26893010711037996, -0.1534474453512897])
(0, '699', [-0.1468720813469858, -0.03688980732953918, -0.2570665808902406, -0.5216009831581446, -0.1423136133929641, -0.1410675995393959, -0.3419839648289764, -0.10806230738849276, -0.33280325827468865, -0.19206309511009, -0.14600709871060533, -0.05936320510449048, -0.1534474453512897])
(0, '717', [-0.1468720813469858, -0.03688980732953918, -0.2570665808902406, -0.5216009831581446, -0.1423136133929641, -0.1410675995393959, -0.11527679742202021, -0.10806230738849276, -0.33280325827468865, -0.19206309511009, -0.14600709871060533, -0.05936320510449048, -0.1534474453512897])
(0, '730', [-0.1468720813469858, -0.25215268304073746, -0.2570665808902406, -0.5216009831581446, -0.1423136133929641, -0.1410675995393959, -0.35593517513094297, -0.10806230738849276, -0.33280325827468865, -0.19206309511009, -0.14600709871060533, -0.26893010711037996, -0.1534474453512897])
(0, '731', [-0.1468720813469858, -0.25215268304073746, -0.2570665808902406, -0.5216009831581446, -0.1423136133929641, -0.1410675995393959, -0.0734231665161206, -0.10806230738849276, -0.33280325827468865, -0.19206309511009, -0.14600709871060533, -0.26893010711037996, -0.1534474453512897])
(0, '738', [-0.1468720813469858, -0.25215268304073746, -0.2570665808902406, -0.5216009831581446, -0.1423136133929641, -0.1410675995393959, -0.06644756136513734, -0.10806230738849276, -0.33280325827468865, -0.19206309511009, -0.14600709871060533, -0.26893010711037996, -0.1534474453512897])
(0, '740', [-0.1468720813469858, -0.25215268304073746, -0.2570665808902406, -0.5216009831581446, -0.1423136133929641, -0.1410675995393959, -0.4082522137633175, -0.10806230738849276, -0.33280325827468865, -0.19206309511009, -0.14600709871060533, -0.26893010711037996, -0.1534474453512897])
(0, '791', [-0.1468720813469858, -0.25215268304073746, -0.2570665808902406, -0.5216009831581446, -0.1423136133929641, -0.1410675995393959, -0.6384471837457654, -0.10806230738849276, -0.33280325827468865, -0.19206309511009, -0.14600709871060533, -0.26893010711037996, -0.1534474453512897])
(0, '796', [-0.1468720813469858, -0.03688980732953918, -0.2570665808902406, -0.5216009831581446, -0.1423136133929641, -0.1410675995393959, -0.4431302395182338, -0.10806230738849276, -0.33280325827468865, -0.19206309511009, -0.14600709871060533, -0.05936320510449048, -0.1534474453512897])
(0, '826', [-0.1468720813469858, -0.4674155587519358, -0.2570665808902406, -0.5216009831581446, -0.1423136133929641, -0.1410675995393959, -0.3803497931593844, -0.10806230738849276, -0.33280325827468865, -0.19206309511009, -0.14600709871060533, -0.26893010711037996, -0.1534474453512897])
(0, '829', [-0.1468720813469858, -0.25215268304073746, -0.2570665808902406, -0.5216009831581446, -0.1423136133929641, -0.1410675995393959, -0.66983740692519, -0.10806230738849276, -0.33280325827468865, -0.19206309511009, -0.14600709871060533, -0.26893010711037996, -0.1534474453512897])
(0, '851', [-0.1468720813469858, -0.25215268304073746, -0.2570665808902406, -0.5216009831581446, -0.1423136133929641, -0.1410675995393959, -0.6628618017742068, -0.10806230738849276, -0.33280325827468865, -0.19206309511009, -0.14600709871060533, -0.26893010711037996, -0.1534474453512897])
(0, '868', [-0.1468720813469858, -0.03688980732953918, -0.2570665808902406, -0.5216009831581446, -0.1423136133929641, -0.1410675995393959, -0.5652033296604411, -0.10806230738849276, -0.33280325827468865, -0.19206309511009, -0.14600709871060533, -0.05936320510449048, -0.1534474453512897])
(0, '920', [-0.1468720813469858, -0.25215268304073746, -0.2570665808902406, -0.5216009831581446, -0.1423136133929641, -0.1410675995393959, -0.28966692619660195, -0.10806230738849276, -0.33280325827468865, -0.19206309511009, -0.14600709871060533, -0.26893010711037996, -0.1534474453512897])
(0, '946', [-0.1468720813469858, -0.03688980732953918, -0.2570665808902406, -0.5216009831581446, -0.1423136133929641, -0.1410675995393959, -0.20247186180931107, -0.10806230738849276, -0.33280325827468865, -0.19206309511009, -0.14600709871060533, -0.05936320510449048, -0.1534474453512897])
(0, '965', [-0.1468720813469858, -0.25215268304073746, -0.2570665808902406, -0.5216009831581446, -0.1423136133929641, -0.1410675995393959, -0.24432549271521067, -0.10806230738849276, -0.33280325827468865, -0.19206309511009, -0.14600709871060533, -0.26893010711037996, -0.1534474453512897])
(0, '966', [-0.1468720813469858, -0.25215268304073746, -0.2570665808902406, -0.5216009831581446, -0.1423136133929641, -0.1410675995393959, -0.29664253134758517, -0.10806230738849276, -0.33280325827468865, -0.19206309511009, -0.14600709871060533, -0.26893010711037996, -0.1534474453512897])
(0, '968', [-0.1468720813469858, -0.25215268304073746, -0.2570665808902406, -0.5216009831581446, -0.1423136133929641, -0.1410675995393959, -0.13969141545046165, -0.10806230738849276, -0.33280325827468865, -0.19206309511009, -0.14600709871060533, -0.26893010711037996, -0.1534474453512897])
(0, '1023', [-0.1468720813469858, -0.03688980732953918, -0.2570665808902406, -0.5216009831581446, -0.1423136133929641, -0.1410675995393959, -0.6872764198026482, -0.10806230738849276, -0.33280325827468865, -0.19206309511009, -0.14600709871060533, -0.05936320510449048, -0.1534474453512897])
