(0, '1061', [-0.1468720813469858, -0.03688980732953918, -0.2570665808902406, -0.5216009831581446, -0.1423136133929641, -0.1410675995393959, 1.0322102499147274, -0.10806230738849276, -0.33280325827468865, -0.19206309511009, -0.14600709871060533, -0.05936320510449048, -0.1534474453512897])
(0, '1097', [-0.1468720813469858, -0.25215268304073746, -0.2570665808902406, -0.5216009831581446, -0.1423136133929641, -0.1410675995393959, 1.2414784044442253, -0.10806230738849276, -0.33280325827468865, 0.5337524871726095, -0.14600709871060533, -0.26893010711037996, -0.1534474453512897])
(0, '1150', [-0.1468720813469858, 0.17837306838165914, -0.2570665808902406, -0.5216009831581446, -0.1423136133929641, -0.1410675995393959, 1.2624052198971751, -0.10806230738849276, -0.33280325827468865, -0.19206309511009, -0.14600709871060533, 0.15020369690139898, -0.1534474453512897])
(0, '1155', [0.12132323332620279, -0.4674155587519358, 0.8315568907986332, -0.5216009831581446, -0.1423136133929641, -0.1410675995393959, 2.0959900354396757, -0.10806230738849276, 1.4517417806901278, -0.19206309511009, 0.11918492189529142, -0.47849700911626936, -0.1534474453512897])
(0, '1167', [-0.1468720813469858, -0.4674155587519358, -0.2570665808902406, -0.5216009831581446, -0.1423136133929641, -0.1410675995393959, 0.9171127649235035, -0.10806230738849276, -0.33280325827468865, -0.19206309511009, -0.14600709871060533, -0.47849700911626936, -0.1534474453512897])
(0, '1222', [-0.1468720813469858, -0.25215268304073746, -0.2570665808902406, -0.5216009831581446, -0.1423136133929641, -0.1410675995393959, 2.3750142414790067, -0.10806230738849276, -0.33280325827468865, -0.19206309511009, -0.14600709871060533, -0.26893010711037996, -0.1534474453512897])
(0, '1229', [-0.1468720813469858, -0.4674155587519358, -0.2570665808902406, -0.5216009831581446, -0.1423136133929641, -0.1410675995393959, 3.3760135806451057, -0.10806230738849276, -0.33280325827468865, -0.19206309511009, -0.14600709871060533, -0.47849700911626936, -0.1534474453512897])
(0, '1256', [-0.1468720813469858, -0.6826784344631341, -0.2570665808902406, -0.5216009831581446, -0.1423136133929641, -0.1410675995393959, 1.1612589452079178, -0.10806230738849276, -0.33280325827468865, -0.19206309511009, -0.14600709871060533, -0.6880639111221588, -0.1534474453512897])
(0, '1259', [-0.1468720813469858, -0.4674155587519358, -0.2570665808902406, -0.5216009831581446, -0.1423136133929641, -0.1410675995393959, 1.0670882756696436, -0.10806230738849276, -0.33280325827468865, -0.19206309511009, -0.14600709871060533, -0.47849700911626936, -0.1534474453512897])
(0, '1263', [-0.1468720813469858, 0.17837306838165914, -0.2570665808902406, -0.5216009831581446, -0.1423136133929641, -0.1410675995393959, 1.0949906962735767, -0.10806230738849276, -0.33280325827468865, -0.19206309511009, -0.14600709871060533, 0.15020369690139898, -0.1534474453512897])
(0, '1269', [-0.10217286223478769, -0.03688980732953918, -0.07562933560876163, -0.5216009831581446, -0.1423136133929641, -0.1410675995393959, 2.197136310128933, -0.10806230738849276, 1.4517417806901278, -0.19206309511009, -0.10180842860962254, -0.05936320510449048, -0.1534474453512897])
(0, '1302', [-0.1468720813469858, -0.25215268304073746, -0.2570665808902406, -0.5216009831581446, -0.1423136133929641, -0.1410675995393959, 4.202622791036624, -0.10806230738849276, -0.33280325827468865, -0.19206309511009, -0.14600709871060533, -0.26893010711037996, -0.1534474453512897])
(0, '1313', [-0.1468720813469858, -0.6826784344631341, -0.2570665808902406, -0.5216009831581446, -0.1423136133929641, -0.1410675995393959, 1.332161271407008, -0.10806230738849276, -0.33280325827468865, -0.19206309511009, -0.14600709871060533, -0.6880639111221588, -0.1534474453512897])
(0, '1318', [-0.1468720813469858, -0.25215268304073746, -0.2570665808902406, -0.5216009831581446, -0.1423136133929641, -0.1410675995393959, 1.129868722028493, -0.10806230738849276, -0.33280325827468865, -0.19206309511009, -0.14600709871060533, -0.26893010711037996, -0.1534474453512897])
(0, '1332', [-0.1468720813469858, -0.6826784344631341, -0.2570665808902406, -0.5216009831581446, -0.1423136133929641, -0.1410675995393959, 1.8902096834856694, -0.10806230738849276, -0.33280325827468865, -0.9178786773927895, -0.14600709871060533, -0.6880639111221588, -0.1534474453512897])
(0, '1341', [-0.1468720813469858, -0.6826784344631341, -0.2570665808902406, -0.5216009831581446, -0.1423136133929641, -0.1410675995393959, 2.4133800698094143, -0.10806230738849276, -0.33280325827468865, -0.19206309511009, -0.14600709871060533, -0.6880639111221588, -0.1534474453512897])
(0, '1374', [-0.1468720813469858, -0.03688980732953918, -0.2570665808902406, -0.5216009831581446, -0.1423136133929641, -0.1410675995393959, 1.6635025160787131, -0.10806230738849276, -0.33280325827468865, -0.19206309511009, -0.14600709871060533, -0.05936320510449048, -0.1534474453512897])
(0, '1388', [0.16602245243840089, -0.25215268304073746, 1.0129941360801122, -0.5216009831581446, -0.1423136133929641, -0.1410675995393959, 2.992355297341026, -0.10806230738849276, 1.4517417806901278, -0.19206309511009, 0.16338359199627422, -0.26893010711037996, -0.1534474453512897])
(0, '1398', [-0.1468720813469858, -0.25215268304073746, -0.2570665808902406, -0.5216009831581446, -0.1423136133929641, -0.1410675995393959, 1.4472587563982318, -0.10806230738849276, -0.33280325827468865, -0.19206309511009, -0.14600709871060533, -0.26893010711037996, -0.1534474453512897])
(0, '1423', [-0.1468720813469858, 0.17837306838165914, -0.2570665808902406, -0.5216009831581446, -0.1423136133929641, -0.1410675995393959, 0.8822347391685872, -0.10806230738849276, -0.33280325827468865, -0.19206309511009, -0.14600709871060533, 0.15020369690139898, -0.1534474453512897])
(0, '1456', [-0.1468720813469858, -0.25215268304073746, -0.2570665808902406, -0.5216009831581446, -0.1423136133929641, -0.1410675995393959, 1.1752101555098844, -0.10806230738849276, -0.33280325827468865, 0.5337524871726095, -0.14600709871060533, -0.26893010711037996, -0.1534474453512897])
(0, '1470', [-0.1468720813469858, -0.4674155587519358, -0.2570665808902406, -0.5216009831581446, -0.1423136133929641, -0.1410675995393959, 4.171232567857198, -0.10806230738849276, -0.33280325827468865, 0.5337524871726095, -0.14600709871060533, -0.47849700911626936, -0.1534474453512897])
(0, '1471', [-0.1468720813469858, -0.03688980732953918, -0.2570665808902406, -0.5216009831581446, -0.1423136133929641, -0.1410675995393959, 2.0297217865053345, -0.10806230738849276, -0.33280325827468865, -0.19206309511009, -0.14600709871060533, -0.05936320510449048, -0.1534474453512897])
(0, '1497', [-0.1468720813469858, 0.17837306838165914, -0.2570665808902406, -0.5216009831581446, -0.1423136133929641, -0.1410675995393959, 2.0959900354396757, -0.10806230738849276, -0.33280325827468865, 0.5337524871726095, -0.14600709871060533, 0.3597705989072884, -0.1534474453512897])
(0, '1574', [-0.1468720813469858, -0.03688980732953918, -0.2570665808902406, -0.5216009831581446, -0.1423136133929641, -0.1410675995393959, 0.864795726291129, -0.10806230738849276, -0.33280325827468865, 0.5337524871726095, -0.14600709871060533, -0.05936320510449048, -0.1534474453512897])
(0, '1577', [-0.1468720813469858, -0.03688980732953918, -0.2570665808902406, -0.5216009831581446, -0.1423136133929641, -0.1410675995393959, 2.0785510225622175, -0.10806230738849276, -0.33280325827468865, 0.5337524871726095, -0.14600709871060533, -0.05936320510449048, -0.1534474453512897])
(0, '1582', [-0.1468720813469858, -0.4674155587519358, -0.2570665808902406, -0.5216009831581446, -0.1423136133929641, -0.1410675995393959, 1.2484540095952086, -0.10806230738849276, -0.33280325827468865, -0.19206309511009, -0.14600709871060533, -0.47849700911626936, -0.1534474453512897])
(0, '1598', [-0.1468720813469858, 0.17837306838165914, -0.2570665808902406, -0.5216009831581446, -0.1423136133929641, -0.1410675995393959, 1.8588194603062447, -0.10806230738849276, -0.33280325827468865, -0.19206309511009, -0.14600709871060533, 0.15020369690139898, -0.1534474453512897])
(0, '1610', [-0.1468720813469858, -0.25215268304073746, -0.2570665808902406, -0.5216009831581446, -0.1423136133929641, -0.1410675995393959, 1.056624867943169, -0.10806230738849276, -0.33280325827468865, -0.19206309511009, -0.14600709871060533, -0.26893010711037996, -0.1534474453512897])
(0, '1633', [-0.1468720813469858, -0.8979413101743324, -0.2570665808902406, -0.5216009831581446, -0.1423136133929641, -0.1410675995393959, 4.973427160220274, -0.10806230738849276, -0.33280325827468865, -0.9178786773927895, -0.14600709871060533, -0.8976308131280483, -0.1534474453512897])
(0, '1649', [-0.1468720813469858, -0.8979413101743324, -0.2570665808902406, -0.5216009831581446, -0.1423136133929641, -0.1410675995393959, 1.3635514945864327, -0.10806230738849276, -0.33280325827468865, -0.9178786773927895, -0.14600709871060533, -0.8976308131280483, -0.1534474453512897])
(0, '1651', [-0.1468720813469858, -0.6826784344631341, -0.2570665808902406, -0.5216009831581446, -0.1423136133929641, -0.1410675995393959, 2.514526344498672, -0.10806230738849276, -0.33280325827468865, -0.19206309511009, -0.14600709871060533, -0.6880639111221588, -0.1534474453512897])
(0, '1662', [-0.1468720813469858, -0.4674155587519358, -0.2570665808902406, -0.5216009831581446, -0.1423136133929641, -0.1410675995393959, 1.4891123873041314, -0.10806230738849276, -0.33280325827468865, -0.19206309511009, -0.14600709871060533, -0.47849700911626936, -0.1534474453512897])
(0, '1670', [-0.1468720813469858, 0.17837306838165914, -0.2570665808902406, -0.5216009831581446, -0.1423136133929641, -0.1410675995393959, 1.9460145246935354, -0.10806230738849276, -0.33280325827468865, -0.19206309511009, -0.14600709871060533, 0.15020369690139898, -0.1534474453512897])
(0, '1689', [-0.1468720813469858, -0.03688980732953918, -0.2570665808902406, -0.5216009831581446, -0.1423136133929641, -0.1410675995393959, 2.521501949649655, -0.10806230738849276, -0.33280325827468865, 0.5337524871726095, -0.14600709871060533, -0.05936320510449048, -0.1534474453512897])
(0, '1702', [-0.1468720813469858, -0.4674155587519358, -0.2570665808902406, -0.5216009831581446, -0.1423136133929641, -0.1410675995393959, 0.9066493571970285, -0.10806230738849276, -0.33280325827468865, -0.19206309511009, -0.14600709871060533, -0.47849700911626936, -0.1534474453512897])
(0, '1707', [-0.1468720813469858, -0.03688980732953918, -0.2570665808902406, -0.5216009831581446, -0.1423136133929641, -0.1410675995393959, 3.731769443345253, -0.10806230738849276, -0.33280325827468865, -0.19206309511009, -0.14600709871060533, -0.05936320510449048, -0.1534474453512897])
(0, '1742', [-0.1468720813469858, -0.6826784344631341, -0.2570665808902406, -0.5216009831581446, -0.1423136133929641, -0.1410675995393959, 1.2484540095952086, -0.10806230738849276, -0.33280325827468865, -0.9178786773927895, -0.14600709871060533, -0.6880639111221588, -0.1534474453512897])
(0, '1743', [-0.1468720813469858, -0.03688980732953918, -0.2570665808902406, -0.5216009831581446, -0.1423136133929641, -0.1410675995393959, 1.2100881812648008, -0.10806230738849276, -0.33280325827468865, 0.5337524871726095, -0.14600709871060533, 0.15020369690139898, -0.1534474453512897])
(0, '1784', [-0.1468720813469858, -0.25215268304073746, -0.2570665808902406, -0.5216009831581446, -0.1423136133929641, -0.1410675995393959, 1.0531370653676773, -0.10806230738849276, -0.33280325827468865, 0.5337524871726095, -0.14600709871060533, -0.26893010711037996, -0.1534474453512897])
(0, '1785', [-0.1468720813469858, -0.8979413101743324, -0.2570665808902406, -0.5216009831581446, -0.1423136133929641, -0.1410675995393959, 4.973427160220274, -0.10806230738849276, -0.33280325827468865, -0.9178786773927895, -0.14600709871060533, -0.8976308131280483, -0.1534474453512897])
(0, '1832', [-0.1468720813469858, -0.25215268304073746, -0.2570665808902406, -0.5216009831581446, -0.1423136133929641, -0.1410675995393959, 2.3471118208750736, -0.10806230738849276, -0.33280325827468865, -0.19206309511009, -0.14600709871060533, -0.26893010711037996, -0.1534474453512897])
(0, '1853', [-0.1468720813469858, 0.17837306838165914, -0.2570665808902406, -0.5216009831581446, -0.1423136133929641, -0.1410675995393959, 2.4517458981398224, -0.10806230738849276, -0.33280325827468865, 0.5337524871726095, -0.14600709871060533, 0.15020369690139898, -0.1534474453512897])
(0, '1897', [-0.1468720813469858, -0.25215268304073746, -0.2570665808902406, -0.5216009831581446, -0.1423136133929641, -0.1410675995393959, 2.7551847222075945, -0.10806230738849276, -0.33280325827468865, -0.19206309511009, -0.14600709871060533, -0.26893010711037996, -0.1534474453512897])
(0, '1905', [-0.1468720813469858, -0.4674155587519358, -0.2570665808902406, 1.5276195130512888, -0.1423136133929641, -0.1410675995393959, 2.5459165676780966, -0.10806230738849276, -0.33280325827468865, -0.9178786773927895, -0.14600709871060533, -0.47849700911626936, -0.1534474453512897])
(0, '1913', [-0.1468720813469858, -0.25215268304073746, -0.2570665808902406, -0.5216009831581446, -0.1423136133929641, -0.1410675995393959, 1.6530391083522382, -0.10806230738849276, -0.33280325827468865, -0.19206309511009, -0.14600709871060533, -0.26893010711037996, -0.1534474453512897])
(0, '1927', [-0.1468720813469858, -0.4674155587519358, -0.2570665808902406, -0.5216009831581446, -0.1423136133929641, -0.1410675995393959, 1.0496492627921856, -0.10806230738849276, -0.33280325827468865, -0.19206309511009, -0.14600709871060533, -0.47849700911626936, -0.1534474453512897])
(0, '1947', [-0.1468720813469858, -0.6826784344631341, -0.2570665808902406, -0.5216009831581446, -0.1423136133929641, -0.1410675995393959, 1.789063408796412, -0.10806230738849276, -0.33280325827468865, -0.19206309511009, -0.14600709871060533, -0.6880639111221588, -0.1534474453512897])
(0, '1979', [-0.1468720813469858, -0.25215268304073746, -0.2570665808902406, -0.5216009831581446, -0.1423136133929641, -0.1410675995393959, 0.9310639752254699, -0.10806230738849276, -0.33280325827468865, -0.19206309511009, -0.14600709871060533, -0.26893010711037996, -0.1534474453512897])
