(0, '25', [-0.1468720813469858, 0.17837306838165914, -0.2570665808902406, -0.5216009831581446, -0.1423136133929641, -0.1410675995393959, 2.0053071684768935, -0.10806230738849276, -0.33280325827468865, -0.19206309511009, -0.14600709871060533, 0.15020369690139898, -0.1534474453512897])
(0, '49', [-0.1468720813469858, -0.03688980732953918, -0.2570665808902406, -0.5216009831581446, -0.1423136133929641, -0.1410675995393959, 1.3914539151903658, -0.10806230738849276, -0.33280325827468865, 0.5337524871726095, -0.14600709871060533, 0.15020369690139898, -0.1534474453512897])
(0, '63', [-0.1468720813469858, -0.8979413101743324, -0.2570665808902406, -0.5216009831581446, -0.1423136133929641, -0.1410675995393959, 2.6993798809997287, -0.10806230738849276, -0.33280325827468865, -0.9178786773927895, -0.14600709871060533, -0.8976308131280483, -0.1534474453512897])
(0, '67', [-0.1468720813469858, 0.17837306838165914, -0.2570665808902406, -0.5216009831581446, -0.1423136133929641, -0.1410675995393959, 2.2529411513367994, -0.10806230738849276, -0.33280325827468865, -0.19206309511009, -0.14600709871060533, 0.15020369690139898, -0.1534474453512897])
(0, '81', [-0.1468720813469858, -0.4674155587519358, -0.2570665808902406, -0.5216009831581446, -0.1423136133929641, -0.1410675995393959, 1.415868533218807, -0.10806230738849276, -0.33280325827468865, 0.5337524871726095, -0.14600709871060533, -0.47849700911626936, -0.1534474453512897])
(0, '132', [-0.1468720813469858, -0.25215268304073746, -0.2570665808902406, -0.5216009831581446, -0.1423136133929641, -0.1410675995393959, 1.0531370653676773, -0.10806230738849276, -0.33280325827468865, 0.5337524871726095, -0.14600709871060533, -0.26893010711037996, -0.1534474453512897])
(0, '186', [-0.1468720813469858, -0.6826784344631341, -0.2570665808902406, -0.5216009831581446, -0.1423136133929641, -0.1410675995393959, 1.6809415289561713, -0.10806230738849276, -0.33280325827468865, -0.19206309511009, -0.14600709871060533, -0.6880639111221588, -0.1534474453512897])
(0, '196', [-0.1468720813469858, 0.17837306838165914, -0.2570665808902406, -0.5216009831581446, -0.1423136133929641, -0.1410675995393959, 2.2808435719407325, -0.10806230738849276, -0.33280325827468865, -0.19206309511009, -0.14600709871060533, 0.15020369690139898, -0.1534474453512897])
(0, '212', [-0.1468720813469858, -0.4674155587519358, -0.2570665808902406, -0.5216009831581446, -0.1423136133929641, -0.1410675995393959, 1.768136593343462, -0.10806230738849276, -0.33280325827468865, -0.19206309511009, -0.14600709871060533, -0.47849700911626936, -0.1534474453512897])
(0, '236', [-0.1468720813469858, -0.25215268304073746, -0.2570665808902406, -0.5216009831581446, -0.1423136133929641, -0.1410675995393959, 2.455233700715314, -0.10806230738849276, -0.33280325827468865, -0.19206309511009, -0.14600709871060533, -0.26893010711037996, -0.1534474453512897])
(0, '244', [-0.1468720813469858, -0.6826784344631341, -0.2570665808902406, -0.5216009831581446, -0.1423136133929641, -0.1410675995393959, 1.332161271407008, -0.10806230738849276, -0.33280325827468865, -0.19206309511009, -0.14600709871060533, -0.6880639111221588, -0.1534474453512897])
(0, '296', [-0.10217286223478769, -0.4674155587519358, -0.07562933560876163, -0.5216009831581446, -0.1423136133929641, -0.1410675995393959, 1.3670392971619243, -0.10806230738849276, 1.4517417806901278, -0.19206309511009, -0.10180842860962254, -0.47849700911626936, -0.1534474453512897])
(0, '346', [-0.1468720813469858, -0.4674155587519358, -0.2570665808902406, -0.5216009831581446, -0.1423136133929641, -0.1410675995393959, 0.9519907906784197, -0.10806230738849276, -0.33280325827468865, 0.5337524871726095, -0.14600709871060533, -0.26893010711037996, -0.1534474453512897])
(0, '348', [-0.1468720813469858, 0.17837306838165914, -0.2570665808902406, -0.5216009831581446, -0.1423136133929641, -0.1410675995393959, 1.0705760782451352, -0.10806230738849276, -0.33280325827468865, 0.5337524871726095, -0.14600709871060533, 0.15020369690139898, -0.1534474453512897])
(0, '421', [-0.1468720813469858, 0.17837306838165914, -0.2570665808902406, -0.5216009831581446, -0.1423136133929641, -0.1410675995393959, 1.2135759838402924, -0.10806230738849276, -0.33280325827468865, -0.19206309511009, -0.14600709871060533, 0.15020369690139898, -0.1534474453512897])
(0, '443', [-0.1468720813469858, -0.4674155587519358, -0.2570665808902406, -0.5216009831581446, -0.1423136133929641, -0.1410675995393959, 1.1263809194530015, -0.10806230738849276, -0.33280325827468865, -0.19206309511009, -0.14600709871060533, -0.47849700911626936, -0.1534474453512897])
(0, '452', [-0.1468720813469858, -0.4674155587519358, -0.2570665808902406, -0.5216009831581446, -0.1423136133929641, -0.1410675995393959, 4.3735251172357135, -0.10806230738849276, -0.33280325827468865, -0.19206309511009, -0.14600709871060533, -0.47849700911626936, -0.1534474453512897])
(0, '463', [-0.1468720813469858, -0.25215268304073746, -0.2570665808902406, -0.5216009831581446, -0.1423136133929641, -0.1410675995393959, 1.9564779324200103, -0.10806230738849276, -0.33280325827468865, -0.19206309511009, -0.14600709871060533, 0.15020369690139898, -0.1534474453512897])
(0, '465', [-0.0574736431225896, -0.25215268304073746, 0.10580790967271733, -0.5216009831581446, -0.1423136133929641, -0.1410675995393959, 1.3042588508030748, -0.10806230738849276, 1.4517417806901278, -0.19206309511009, -0.057609758508639745, -0.26893010711037996, -0.1534474453512897])
(0, '468', [-0.1468720813469858, -0.25215268304073746, -0.2570665808902406, -0.5216009831581446, -0.1423136133929641, -0.1410675995393959, 1.5937464645688804, -0.10806230738849276, -0.33280325827468865, 0.5337524871726095, -0.14600709871060533, -0.26893010711037996, -0.1534474453512897])
(0, '477', [-0.1468720813469858, -0.6826784344631341, -0.2570665808902406, -0.5216009831581446, -0.1423136133929641, -0.1410675995393959, 1.6809415289561713, -0.10806230738849276, -0.33280325827468865, -0.19206309511009, -0.14600709871060533, -0.6880639111221588, -0.1534474453512897])
(0, '526', [-0.1468720813469858, -0.25215268304073746, -0.2570665808902406, -0.5216009831581446, -0.1423136133929641, -0.1410675995393959, 1.503063597606098, -0.10806230738849276, -0.33280325827468865, 0.5337524871726095, -0.14600709871060533, -0.26893010711037996, -0.1534474453512897])
(0, '540', [-0.1468720813469858, -0.4674155587519358, -0.2570665808902406, -0.5216009831581446, -0.1423136133929641, -0.1410675995393959, 1.0775516833961185, -0.10806230738849276, -0.33280325827468865, -0.19206309511009, -0.14600709871060533, -0.47849700911626936, -0.1534474453512897])
(0, '581', [-0.1468720813469858, -0.6826784344631341, -0.2570665808902406, -0.5216009831581446, -0.1423136133929641, -0.1410675995393959, 2.4133800698094143, -0.10806230738849276, -0.33280325827468865, -0.19206309511009, -0.14600709871060533, -0.6880639111221588, -0.1534474453512897])
(0, '588', [-0.1468720813469858, -0.4674155587519358, -0.2570665808902406, -0.5216009831581446, -0.1423136133929641, -0.1410675995393959, 1.9250877092405858, -0.10806230738849276, -0.33280325827468865, -0.9178786773927895, -0.14600709871060533, -0.47849700911626936, -0.1534474453512897])
(0, '599', [-0.1468720813469858, -0.25215268304073746, -0.2570665808902406, -0.5216009831581446, -0.1423136133929641, -0.1410675995393959, 2.343624018299582, -0.10806230738849276, -0.33280325827468865, -0.19206309511009, -0.14600709871060533, -0.26893010711037996, -0.1534474453512897])
(0, '610', [-0.1468720813469858, -0.25215268304073746, -0.2570665808902406, -0.5216009831581446, -0.1423136133929641, -0.1410675995393959, 2.992355297341026, -0.10806230738849276, -0.33280325827468865, -0.19206309511009, -0.14600709871060533, -0.26893010711037996, -0.1534474453512897])
(0, '623', [-0.1468720813469858, -0.4674155587519358, -0.2570665808902406, -0.5216009831581446, -0.1423136133929641, -0.1410675995393959, 1.2310149967177506, -0.10806230738849276, -0.33280325827468865, -0.19206309511009, -0.14600709871060533, -0.47849700911626936, -0.1534474453512897])
(0, '651', [-0.1468720813469858, 0.39363594409285746, -0.2570665808902406, -0.5216009831581446, -0.1423136133929641, -0.1410675995393959, 1.8239414345513283, -0.10806230738849276, -0.33280325827468865, 0.5337524871726095, -0.14600709871060533, 0.3597705989072884, -0.1534474453512897])
(0, '655', [-0.1468720813469858, -0.4674155587519358, -0.2570665808902406, -0.5216009831581446, -0.1423136133929641, -0.1410675995393959, 1.1717223529343928, -0.10806230738849276, -0.33280325827468865, 0.5337524871726095, -0.14600709871060533, -0.47849700911626936, -0.1534474453512897])
(0, '711', [-0.1468720813469858, -0.4674155587519358, -0.2570665808902406, -0.5216009831581446, -0.1423136133929641, -0.1410675995393959, 2.521501949649655, -0.10806230738849276, -0.33280325827468865, -0.19206309511009, -0.14600709871060533, -0.47849700911626936, -0.1534474453512897])
(0, '742', [-0.1468720813469858, -0.03688980732953918, -0.2570665808902406, -0.5216009831581446, -0.1423136133929641, -0.1410675995393959, 1.761160988192479, -0.10806230738849276, -0.33280325827468865, 0.5337524871726095, -0.14600709871060533, -0.05936320510449048, -0.1534474453512897])
(0, '773', [-0.1468720813469858, -0.4674155587519358, -0.2570665808902406, -0.5216009831581446, -0.1423136133929641, -0.1410675995393959, 1.2484540095952086, -0.10806230738849276, -0.33280325827468865, -0.19206309511009, -0.14600709871060533, -0.47849700911626936, -0.1534474453512897])
(0, '789', [-0.1468720813469858, -0.6826784344631341, -0.2570665808902406, -0.5216009831581446, -0.1423136133929641, -0.1410675995393959, 1.9529901298445187, -0.10806230738849276, -0.33280325827468865, -0.19206309511009, -0.14600709871060533, -0.6880639111221588, -0.1534474453512897])
(0, '817', [-0.1468720813469858, 0.17837306838165914, -0.2570665808902406, -0.5216009831581446, -0.1423136133929641, -0.1410675995393959, 1.4367953486717568, -0.10806230738849276, -0.33280325827468865, 0.5337524871726095, -0.14600709871060533, 0.15020369690139898, -0.1534474453512897])
(0, '819', [0.0766240142140047, -0.6826784344631341, 0.6501196455171542, -0.5216009831581446, -0.1423136133929641, -0.1410675995393959, 1.3949417177658574, -0.10806230738849276, 1.4517417806901278, -0.19206309511009, 0.07498625179430864, -0.6880639111221588, -0.1534474453512897])
(0, '865', [-0.1468720813469858, -0.4674155587519358, -0.2570665808902406, -0.5216009831581446, -0.1423136133929641, -0.1410675995393959, 2.0959900354396757, -0.10806230738849276, -0.33280325827468865, -0.19206309511009, -0.14600709871060533, -0.47849700911626936, -0.1534474453512897])
(0, '892', [-0.1468720813469858, -0.6826784344631341, -0.2570665808902406, -0.5216009831581446, -0.1423136133929641, -0.1410675995393959, 0.9450151855274365, -0.10806230738849276, -0.33280325827468865, -0.9178786773927895, -0.14600709871060533, -0.6880639111221588, -0.1534474453512897])
(0, '911', [-0.10217286223478769, -0.6826784344631341, -0.07562933560876163, -0.5216009831581446, -0.1423136133929641, -0.1410675995393959, 3.009794310218484, -0.10806230738849276, 1.4517417806901278, -0.19206309511009, -0.10180842860962254, -0.6880639111221588, -0.1534474453512897])
(0, '926', [-0.1468720813469858, 0.17837306838165914, -0.2570665808902406, -0.5216009831581446, -0.1423136133929641, -0.1410675995393959, 1.8867218809101778, -0.10806230738849276, -0.33280325827468865, -0.19206309511009, -0.14600709871060533, 0.15020369690139898, -0.1534474453512897])
(0, '941', [-0.1468720813469858, -0.4674155587519358, -0.2570665808902406, -0.5216009831581446, -0.1423136133929641, -0.1410675995393959, 1.4681855718511816, -0.10806230738849276, -0.33280325827468865, -0.19206309511009, -0.14600709871060533, -0.47849700911626936, -0.1534474453512897])
(0, '956', [-0.1468720813469858, -0.25215268304073746, -0.2570665808902406, -0.5216009831581446, -0.1423136133929641, -0.1410675995393959, 0.864795726291129, -0.10806230738849276, -0.33280325827468865, 0.5337524871726095, -0.14600709871060533, -0.26893010711037996, -0.1534474453512897])
(0, '1019', [-0.1468720813469858, -0.4674155587519358, -0.2570665808902406, 1.5276195130512888, -0.1423136133929641, -0.1410675995393959, 2.5459165676780966, -0.10806230738849276, -0.33280325827468865, -0.9178786773927895, -0.14600709871060533, -0.47849700911626936, -0.1534474453512897])
